word	tstart	tstop	logWF	surprisal
radio	0.210	5.040	4.142	4.142
boeken	5.040	9.430	4.163	4.633
verhalen	9.430	11.440	4.265	3.591
van	11.440	11.630	2.061	1.420
nederlandse	11.630	12.355	4.023	2.816
en	12.355	12.520	1.787	1.233
vlaamse	12.520	12.990	4.433	0.739
auteurs	12.990	13.510	4.676	1.675
die	13.510	13.580	2.209	1.351
nergens	13.610	14.400	4.668	4.064
kunt	14.400	14.590	4.775	5.758
lezen	14.590	14.960	4.581	2.826
maar	15.060	15.210	2.559	1.781
altijd	15.210	15.570	3.774	3.296
en	15.570	15.660	1.787	2.341
overal	15.660	16.590	4.306	0.693
kunt	16.590	16.950	4.775	5.542
beluisteren	16.950	17.610	5.568	5.817
milan	17.610	18.610	4.962	5.235
hij	18.610	24.720	3.263	3.019
zag	24.890	25.310	3.637	3.182
er	25.870	25.900	3.175	1.557
helemaal	28.400	29.465	4.049	2.580
uit	29.465	29.680	2.480	1.509
als	30.120	30.275	2.491	2.933
een	30.275	30.330	2.213	0.930
normale	30.330	30.860	4.862	2.313
jongen	30.860	31.160	4.555	2.002
hij	32.240	32.310	3.263	2.691
had	32.310	32.480	2.766	2.396
armen	32.580	32.930	4.720	5.956
twee	33.490	33.900	3.289	2.928
benen	34.610	35.070	4.995	3.824
ook	35.700	35.940	2.651	2.812
twee	35.940	36.240	3.289	2.634
met	36.980	37.130	2.302	2.843
aan	37.130	37.250	2.485	2.719
de	37.250	37.290	2.165	0.397
uiteinden	37.290	37.850	5.131	1.943
de	37.850	37.960	2.165	2.037
nodige	37.960	38.390	5.670	3.603
handen	38.390	38.720	4.575	4.918
en	38.720	38.870	1.787	1.255
voeten	38.870	39.230	4.937	1.058
en	39.640	39.760	1.787	1.212
dan	39.760	39.930	3.101	3.168
daaraan	39.930	40.310	4.738	6.031
weer	40.310	40.460	3.156	3.133
een	40.460	40.550	2.213	1.510
heleboel	40.550	40.970	6.428	3.867
vingers	40.970	41.400	5.033	5.148
en	41.470	41.680	1.787	1.163
tenen	41.680	42.010	5.291	0.617
telkens	42.480	42.880	4.184	4.913
tien	42.940	43.160	4.070	2.975
om	43.650	43.740	2.698	2.523
precies	43.800	44.120	4.161	3.790
te	44.210	44.270	2.374	0.116
zijn	44.270	44.490	2.381	0.045
dan	45.520	45.650	3.101	2.473
had	45.650	45.840	2.766	3.162
hij	45.840	45.900	3.263	0.681
ook	45.900	46.070	2.651	1.697
een	46.070	46.200	2.213	0.748
een	46.330	46.480	2.213	3.562
buik	46.480	46.830	4.986	5.139
met	47.620	47.750	2.302	1.221
zo	47.750	47.860	3.358	3.470
een	47.860	47.930	2.213	1.351
gekke	47.930	48.190	5.425	5.108
navel	48.190	48.680	5.601	5.780
en	48.900	49.050	1.787	1.153
schouders	49.150	49.780	5.298	5.098
en	50.080	50.190	1.787	1.049
daarop	50.190	50.480	4.181	3.899
een	50.480	50.580	2.213	1.030
hoofd	50.580	50.910	4.138	4.328
met	50.970	51.110	2.302	1.262
links	51.400	51.680	4.171	3.845
en	51.680	51.780	1.787	0.607
rechts	51.780	52.040	4.312	0.051
een	52.040	52.130	2.213	0.731
oor	52.230	52.430	5.073	4.740
het	53.120	53.250	2.480	2.218
linker	53.250	53.540	5.150	4.013
een	53.540	53.650	2.213	2.333
beetje	53.650	53.940	5.321	3.307
maar	55.010	55.110	2.559	2.380
daar	55.110	55.190	3.484	2.434
zat	55.190	55.400	3.752	2.631
hij	55.400	55.510	3.263	1.023
niet	55.510	55.680	2.792	1.788
mee	55.680	55.850	3.311	2.410
hij	55.850	56.010	3.263	2.411
was	56.010	56.210	2.312	0.844
vooral	56.210	56.500	3.357	2.523
blij	56.500	56.800	4.995	4.625
met	57.220	57.360	2.302	1.228
het	57.360	57.430	2.480	0.880
andere	57.510	57.880	3.841	3.015
twee	58.580	58.800	3.289	3.792
ogen	58.800	59.090	4.518	3.646
zoals	59.090	59.400	2.898	2.652
het	59.400	59.440	2.480	1.488
hoorde	59.440	59.790	4.122	3.264
een	60.040	60.150	2.213	1.942
wipneus	60.150	60.695	6.026	6.017
ergens	60.695	61.040	4.381	4.801
in	61.040	61.120	1.962	0.660
het	61.120	61.240	2.480	0.715
midden	61.240	61.510	4.106	0.914
en	61.850	61.970	1.787	1.512
vlak	61.970	62.260	3.699	4.722
daaronder	62.260	62.780	4.783	2.759
een	63.110	63.170	2.213	0.742
nogal	63.170	63.470	4.324	4.038
grote	63.470	63.960	3.649	1.886
mond	63.960	64.130	4.986	3.608
alles	64.720	65.020	4.017	4.419
was	65.020	65.220	2.312	2.199
er	65.730	65.760	3.175	1.680
alles	65.920	66.160	4.017	3.270
zat	66.160	66.390	3.752	5.178
op	66.390	66.490	2.308	1.496
de	66.490	66.540	2.165	0.472
juiste	66.540	66.900	5.276	2.930
plaats	66.900	67.350	3.326	0.709
en	67.720	67.840	1.787	1.031
alles	67.930	68.290	4.017	4.155
werkte	68.290	68.560	3.445	4.477
hij	69.030	69.120	3.263	1.032
kon	69.120	69.330	3.130	3.894
kijken	69.480	69.980	4.457	3.442
en	70.610	70.745	1.787	0.841
horen	70.745	71.360	4.150	4.406
en	71.910	72.050	1.787	1.675
proeven	72.120	72.620	4.877	5.185
en	72.930	73.100	1.787	1.072
ruiken	73.100	73.620	5.308	1.955
en	73.840	73.945	1.787	1.072
wandelen	73.945	74.490	4.926	4.889
en	74.710	74.910	1.787	1.146
zingen	74.910	75.290	4.508	4.516
en	75.760	75.920	1.787	1.080
hij	75.920	76.030	3.263	2.004
heette	76.030	76.670	3.906	5.219
tja	78.720	78.960	6.182	6.771
jasper	80.150	80.550	4.877	4.970
misschien	80.550	81.050	4.237	4.570
of	82.160	82.270	2.413	2.895
frederik	82.350	82.950	4.361	4.265
of	83.530	83.690	2.413	2.735
hans	83.690	84.160	4.011	4.033
want	84.350	84.500	3.604	4.046
het	84.500	84.570	2.480	1.174
kon	84.620	84.760	3.130	2.520
ook	84.760	84.930	2.651	1.699
hans	84.930	85.250	4.011	4.313
zijn	85.250	85.550	2.381	2.658
of	86.260	86.410	2.413	2.567
tom	86.500	86.810	4.060	4.611
of	87.650	87.830	2.413	2.776
pieter	87.910	88.200	4.158	4.302
of	88.200	88.380	2.413	2.686
wie	88.380	88.520	4.226	3.870
weet	88.520	88.730	3.841	2.749
wel	88.730	88.870	3.358	2.506
wannes	88.870	89.370	5.621	6.350
of	89.920	90.120	2.413	2.745
gert	90.120	90.350	4.837	5.017
of	90.430	90.610	2.413	2.806
bas	90.610	91.050	4.301	4.418
bas	91.570	91.800	4.301	4.769
kon	91.800	91.990	3.130	3.146
ook	91.990	92.230	2.651	2.170
maar	93.010	93.150	2.559	2.783
ook	93.150	93.270	2.651	1.749
van	93.270	93.480	2.061	1.489
bas	93.480	93.780	4.301	4.884
was	94.330	94.500	2.312	2.534
hij	94.500	94.695	3.263	1.932
eigenlijk	94.695	95.170	3.967	3.253
niet	95.170	95.330	2.792	1.347
zeker	95.400	95.730	4.036	3.620
het	97.110	97.220	2.480	2.136
jongetje	97.220	97.640	5.182	4.252
waaraan	97.640	97.970	3.792	4.195
verder	98.300	98.580	3.467	2.853
alles	98.720	99.160	4.017	3.765
werkte	99.160	99.540	3.445	4.045
en	99.540	99.710	1.787	1.644
klopte	99.770	100.270	4.984	5.157
wist	100.650	100.930	3.490	4.058
maar	100.930	101.230	2.559	2.666
niet	101.230	101.460	2.792	1.369
wie	101.890	102.060	4.226	3.761
hij	102.060	102.255	3.263	0.971
was	102.255	102.550	2.312	0.754
en	103.860	104.000	1.787	0.779
dat	104.000	104.150	2.527	1.048
vond	104.220	104.360	3.393	3.729
hij	104.420	104.580	3.263	0.674
helemaal	104.580	105.300	4.049	4.375
niet	105.770	106.110	2.792	0.797
leuk	106.110	106.230	5.070	2.602
hallo	107.840	108.210	5.218	6.335
vroeg	108.600	108.780	3.876	4.196
hij	108.780	108.840	3.263	1.376
soms	108.840	109.110	3.494	3.428
aan	109.110	109.210	2.485	1.955
een	109.210	109.270	2.213	1.292
voorbijganger	109.270	109.890	5.911	4.632
die	109.890	110.030	2.209	1.065
er	110.030	110.060	3.175	2.162
voldoende	110.060	110.500	4.131	3.964
vriendelijk	110.500	110.960	5.055	5.631
en	110.960	111.050	1.787	0.955
slim	111.050	111.400	4.971	4.824
uitzag	111.400	111.730	5.254	5.755
mag	112.280	112.390	3.727	4.279
ik	112.390	112.500	3.939	2.248
jou	112.500	112.680	5.336	2.908
even	112.680	112.840	3.939	4.272
storen	112.840	113.240	5.653	6.236
weet	113.240	113.430	3.841	4.189
jij	113.430	113.620	4.897	3.161
soms	113.620	113.940	3.494	3.953
wie	113.940	114.100	4.226	4.772
ik	114.100	114.180	3.939	2.522
ben	114.180	114.420	4.082	0.535
of	114.420	114.590	2.413	2.671
of	114.840	114.990	2.413	3.200
hoe	114.990	115.140	3.841	3.474
ik	115.140	115.270	3.939	1.915
heet	115.270	115.530	3.674	3.660
of	115.530	115.740	2.413	2.598
of	115.740	115.940	2.413	2.864
waar	115.940	116.070	2.802	2.991
ik	116.070	116.170	3.939	3.270
vandaan	116.170	116.610	4.396	2.000
kom	116.610	116.830	4.739	0.175
en	116.830	116.860	1.787	1.876
naartoe	116.860	117.250	4.672	5.640
ga	117.250	117.490	4.807	3.763
de	118.870	118.900	2.165	1.922
mensen	118.900	119.240	3.919	3.547
keken	119.240	119.500	4.997	3.846
hem	119.500	119.640	3.321	3.901
dan	119.640	119.800	3.101	2.357
dwaas	119.800	120.110	5.559	6.736
aan	120.110	120.320	2.485	2.710
en	120.320	120.410	1.787	1.853
moesten	120.410	120.720	3.560	3.391
lachen	120.720	120.960	5.153	4.270
zo	121.170	121.300	3.358	3.861
een	121.300	121.330	2.213	1.951
vreemde	121.330	121.660	4.754	3.938
vraag	121.660	121.970	4.643	5.119
hadden	122.310	122.500	3.215	2.999
ze	122.500	122.630	3.359	1.870
nog	122.630	122.830	2.995	1.571
nooit	122.830	123.330	3.718	1.194
gehoord	123.330	123.680	4.637	2.241
hoe	124.750	124.840	3.841	2.929
kon	124.840	125.070	3.130	2.882
iemand	125.070	125.260	4.252	2.319
nu	125.260	125.380	3.374	3.290
niet	125.380	125.580	2.792	2.069
weten	125.580	125.800	3.947	3.642
wie	125.800	125.950	4.226	1.649
hij	125.950	125.990	3.263	1.225
was	125.990	126.390	2.312	1.774
dat	126.870	126.990	2.527	2.708
was	126.990	127.210	2.312	2.660
toch	127.210	127.340	3.625	2.908
al	127.530	127.710	3.106	1.189
te	127.770	127.840	2.374	1.888
gek	127.890	128.050	4.919	3.337
maar	129.410	129.520	2.559	2.220
het	129.520	129.620	2.480	1.692
jongetje	129.620	130.060	5.182	3.989
vond	130.690	130.860	3.393	3.796
dat	130.860	131.040	2.527	1.245
niet	131.100	131.240	2.792	1.833
zo	131.310	131.460	3.358	2.063
gek	131.460	131.590	4.919	2.792
het	132.050	132.080	2.480	3.212
leek	132.560	132.810	3.907	4.220
hem	132.810	132.940	3.321	1.576
best	132.940	133.140	4.442	4.241
wel	133.190	133.360	3.358	2.102
handig	133.360	133.730	5.013	3.904
te	133.800	133.890	2.374	1.634
weten	133.890	134.170	3.947	1.492
wie	134.170	134.320	4.226	2.096
hij	134.320	134.390	3.263	1.139
was	134.390	134.600	2.312	1.838
op	136.540	136.720	2.308	2.341
een	136.720	136.810	2.213	1.381
keer	136.860	137.130	4.672	3.638
toen	137.780	137.940	3.243	2.410
hij	137.940	137.990	3.263	0.509
voor	137.990	138.160	2.409	1.930
de	138.160	138.220	2.165	0.685
zoveelste	138.220	138.760	6.182	2.682
keer	138.760	139.000	4.672	0.036
zijn	139.000	139.180	2.381	2.559
vraag	139.180	139.515	4.643	4.499
herhaalde	139.515	140.150	4.737	5.392
greep	140.460	140.700	4.375	4.673
een	140.700	140.810	2.213	1.907
vrouw	140.810	141.120	4.004	3.283
hem	141.120	141.290	3.321	2.905
uitbundig	141.290	141.890	5.145	5.996
bij	141.890	142.040	2.609	2.944
de	142.040	142.140	2.165	1.035
arm	142.140	142.410	4.630	4.204
ze	143.160	143.270	3.359	3.466
leek	143.270	143.480	3.907	3.972
op	143.480	143.600	2.308	1.250
een	143.600	143.725	2.213	0.455
gigantische	143.725	144.450	5.258	2.434
pudding	144.500	144.770	5.546	6.000
ze	144.770	144.870	3.359	3.646
had	144.870	145.020	2.766	2.668
een	145.020	145.130	2.213	1.182
kapsel	145.200	145.560	5.272	5.357
als	145.560	145.680	2.491	2.399
een	145.680	145.800	2.213	1.607
vogelnest	145.800	146.400	6.242	5.720
en	146.780	146.840	1.787	1.443
een	146.840	146.970	2.213	1.724
zoals	147.520	147.770	2.898	4.141
een	147.770	147.870	2.213	1.750
kalkoen	147.870	148.360	5.760	5.143
veel	148.700	149.100	3.369	3.658
te	149.100	149.200	2.374	1.935
groot	149.200	149.530	4.016	1.496
maar	150.820	151.240	2.559	2.540
maar	151.240	151.640	2.559	3.914
maar	151.640	151.970	2.559	3.702
toch	152.070	152.340	3.625	2.455
jij	152.550	152.750	4.897	5.969
bent	152.750	152.970	4.798	1.046
gewoon	152.970	153.510	4.172	3.441
een	153.890	154.000	2.213	0.513
jongetje	154.000	154.590	5.182	4.231
sprak	155.370	155.650	4.000	4.579
ze	155.650	155.760	3.359	1.678
beslist	155.760	156.270	4.419	4.547
en	156.270	156.380	1.787	1.857
bij	156.380	156.510	2.609	2.613
elk	156.510	156.790	3.905	2.878
woord	156.790	157.000	4.351	2.328
harder	157.080	157.370	4.906	5.235
alsof	158.100	158.360	4.395	4.824
hij	158.360	158.530	3.263	0.840
het	158.530	158.570	2.480	1.529
zo	158.570	158.760	3.358	3.044
beter	158.760	159.140	3.701	2.863
zou	159.140	159.370	2.897	2.246
horen	159.370	159.700	4.150	3.897
vergeefs	160.960	161.320	5.012	5.959
probeerde	161.320	161.750	3.781	1.932
ze	161.750	161.870	3.359	1.825
hem	161.870	161.980	3.321	1.735
wat	161.980	162.090	3.028	2.701
op	162.150	162.310	2.308	1.725
te	162.310	162.410	2.374	0.351
tillen	162.410	162.640	5.485	2.051
en	162.830	162.930	1.787	0.594
hij	162.930	163.070	3.263	1.890
was	163.070	163.190	2.312	1.322
bang	163.190	163.510	4.561	2.405
dat	163.800	163.950	2.527	0.097
ze	163.950	164.070	3.359	1.264
voorover	164.070	164.510	5.356	6.957
zou	164.560	164.710	2.897	2.118
vallen	164.760	164.910	3.844	1.303
gewoon	166.340	166.750	4.172	5.527
een	166.750	166.880	2.213	1.433
jongetje	166.880	167.380	5.182	4.231
herhaalde	167.710	168.070	4.737	5.315
het	168.070	168.220	2.480	1.666
jongetje	168.220	168.530	5.182	4.209
vol	168.530	168.690	4.056	4.459
ongeloof	168.690	169.250	5.606	2.798
hij	169.670	169.720	3.263	3.565
zag	169.720	169.910	3.637	3.182
in	169.910	169.990	1.962	1.248
zijn	169.990	170.160	2.381	1.092
ooghoeken	170.160	170.650	6.264	6.599
waar	170.910	171.080	2.802	2.893
vette	171.080	171.410	5.384	6.188
vingers	171.410	171.880	5.033	2.606
zijn	171.880	172.090	2.381	1.659
dunne	172.090	172.310	4.777	4.351
armpjes	172.310	172.740	6.201	6.514
maar	174.480	174.650	2.559	2.694
die	174.650	174.760	2.209	1.863
zijn	174.760	174.940	2.381	1.401
er	174.940	175.020	3.175	1.655
zo	175.020	175.160	3.358	2.882
veel	175.160	175.680	3.369	0.726
hij	176.180	176.260	3.263	4.517
wrong	176.260	176.450	5.376	6.025
zich	176.450	176.650	2.907	1.852
los	176.650	176.900	3.886	3.012
en	177.000	177.160	1.787	1.115
deed	177.160	177.310	3.447	3.345
een	177.310	177.370	2.213	1.248
stap	177.460	177.720	4.779	2.111
achteruit	177.770	178.205	4.713	2.488
dat	178.205	178.370	2.527	2.363
is	178.370	178.480	1.630	2.099
bijna	178.480	178.750	3.673	2.453
iedereen	178.750	179.400	4.374	3.276
kijk	179.710	179.910	4.720	5.407
dat	180.270	180.470	2.527	2.818
jongetje	180.470	180.850	5.182	5.353
daar	180.850	181.080	3.484	3.735
dat	181.440	181.590	2.527	2.533
is	181.590	181.700	1.630	1.850
ook	181.700	181.880	2.651	2.190
gewoon	181.880	182.150	4.172	3.859
een	182.150	182.180	2.213	1.044
jongetje	182.180	182.680	5.182	4.231
de	183.740	183.770	2.165	1.977
vrouw	183.820	184.040	4.004	3.288
draaide	184.040	184.330	4.340	5.267
haar	184.330	184.480	3.204	2.843
hoofd	184.530	184.850	4.138	3.172
haar	185.370	185.500	3.204	3.574
nest	185.500	185.850	4.972	3.829
en	185.850	185.990	1.787	1.225
kin	186.040	186.320	5.251	5.155
heen	186.610	186.840	3.904	4.438
en	186.840	186.960	1.787	0.872
weer	186.960	187.080	3.156	0.357
en	188.020	188.180	1.787	1.645
die	188.180	188.310	2.209	2.860
daar	188.310	188.440	3.484	2.570
op	188.440	188.540	2.308	1.560
zijn	188.540	188.720	2.381	1.804
al	188.720	188.890	3.106	3.393
te	188.890	188.990	2.374	1.786
grote	188.990	189.270	3.649	1.334
fiets	189.270	189.510	4.825	5.372
dat	189.510	189.640	2.527	2.345
is	189.640	189.770	1.630	2.055
ook	189.830	190.000	2.651	2.190
gewoon	190.000	190.310	4.172	3.859
een	190.310	190.340	2.213	1.044
jongetje	190.340	190.860	5.182	4.231
hij	191.850	191.965	3.263	3.842
wreef	191.965	192.220	5.988	5.353
over	192.220	192.360	2.856	1.424
zijn	192.360	192.515	2.381	1.889
armen	192.515	192.800	4.720	4.298
waarin	192.800	193.100	3.070	3.130
hij	193.100	193.260	3.263	0.893
de	193.260	193.300	2.165	0.903
afdruk	193.380	193.760	5.459	5.534
van	193.760	193.920	2.061	0.461
haar	193.920	194.040	3.204	3.389
vingers	194.110	194.370	5.033	3.748
nog	194.770	194.920	2.995	3.132
steeds	194.920	195.350	3.536	1.260
voelde	195.420	195.630	4.271	5.420
elk	196.710	197.020	3.905	4.570
jongetje	197.020	197.380	5.182	5.736
is	197.380	197.570	1.630	1.582
gewoon	197.570	197.880	4.172	4.222
een	197.880	197.910	2.213	0.766
jongetje	197.910	198.530	5.182	4.241
wel	200.010	200.190	3.358	3.937
ja	200.190	200.580	4.568	3.947
sprak	201.170	201.430	4.000	4.453
de	201.430	201.520	2.165	1.191
vrouw	201.520	201.870	4.004	2.562
en	201.870	202.060	1.787	1.455
ze	202.060	202.160	3.359	2.095
met	202.630	202.780	2.302	2.530
haar	202.780	202.910	3.204	1.495
hand	202.910	203.135	4.402	3.355
haar	203.135	203.300	3.204	3.341
vogelnest	203.300	203.850	6.242	6.877
alsof	204.390	204.665	4.395	4.487
ze	204.665	204.800	3.359	0.847
wilde	204.800	205.000	3.408	3.505
controleren	205.000	205.580	4.860	3.932
of	205.580	205.760	2.413	1.109
er	205.760	205.800	3.175	1.190
plots	205.870	206.130	4.536	4.092
geen	206.130	206.320	3.226	3.055
eieren	206.320	206.680	4.595	3.515
in	206.680	206.820	1.962	1.816
lagen	206.820	207.150	3.926	4.237
dat	208.320	208.500	2.527	3.315
is	208.500	208.630	1.630	2.046
wel	208.630	208.770	3.358	2.969
waar	208.770	209.050	2.802	3.259
natuurlijk	209.050	209.460	4.440	4.540
maar	209.460	209.660	2.559	2.275
jij	210.330	210.500	4.897	4.625
bent	210.500	210.990	4.798	0.848
gewoon	210.990	211.490	4.172	3.441
een	212.040	212.120	2.213	0.513
ander	212.210	212.530	4.845	2.456
jongetje	212.530	213.090	5.182	3.787
maar	213.830	214.000	2.559	2.072
elk	214.090	214.410	3.905	3.630
jongetje	214.410	214.820	5.182	5.926
is	214.820	215.010	1.630	1.582
een	215.010	215.110	2.213	0.366
ander	215.110	215.430	4.845	3.523
jongetje	215.430	215.940	5.182	4.050
riep	216.190	216.380	4.142	4.393
het	216.380	216.470	2.480	1.445
jongetje	216.470	216.770	5.182	4.238
teleurgesteld	216.870	217.510	4.956	5.359
nu	218.320	218.430	3.374	2.956
werd	218.430	218.540	2.258	2.499
de	218.610	218.650	2.165	1.191
vrouw	218.650	218.920	4.004	3.286
een	218.920	219.010	2.213	2.003
beetje	219.010	219.250	5.321	3.402
nerveus	219.250	219.740	5.467	5.879
ach	220.150	220.340	5.442	5.827
stik	220.340	220.740	6.164	6.321
wat	220.980	221.110	3.028	3.079
ben	221.110	221.240	4.082	3.477
ik	221.240	221.330	3.939	0.624
daar	221.330	221.590	3.484	2.651
nu	221.590	221.700	3.374	1.821
mee	221.700	221.960	3.311	1.857
hij	222.580	222.780	3.263	3.015
en	222.780	222.940	1.787	2.323
hij	222.940	223.100	3.263	1.862
liet	223.100	223.235	3.389	2.203
de	223.235	223.330	2.165	0.711
vrouw	223.330	223.720	4.004	3.573
voor	224.300	224.390	2.409	2.255
wat	224.390	224.600	3.028	3.267
ze	224.600	224.645	3.359	1.391
was	224.645	224.870	2.312	0.983
gewoon	225.550	225.800	4.172	3.493
weer	225.800	225.960	3.156	2.182
een	225.960	226.050	2.213	1.127
andere	226.050	226.470	3.841	1.884
vrouw	227.560	227.910	4.004	1.985
met	228.150	228.290	2.302	1.707
een	228.290	228.390	2.213	0.721
gek	228.390	228.550	4.919	5.367
kapsel	228.640	228.990	5.272	5.961
en	229.260	229.420	1.787	0.932
slecht	229.480	229.720	4.220	4.142
passende	229.890	230.310	5.234	3.636
kin	230.390	230.520	5.251	5.364
en	231.350	231.420	1.787	0.966
zo	231.420	231.610	3.358	2.954
ging	231.610	231.780	3.110	2.518
het	231.780	231.880	2.480	0.664
keer	231.950	232.160	4.672	5.503
op	232.160	232.250	2.308	0.152
keer	232.330	232.560	4.672	0.052
de	233.360	233.390	2.165	1.414
mensen	233.390	233.710	3.919	3.842
lachten	233.710	233.960	5.965	7.064
hem	233.960	234.110	3.321	1.015
uit	234.110	234.380	2.480	0.269
gaven	234.380	234.670	3.958	5.430
hem	234.670	234.770	3.321	1.553
een	234.770	234.855	2.213	0.963
antwoord	234.855	235.210	4.632	3.347
dat	235.210	235.400	2.527	1.611
er	235.400	235.460	3.175	1.840
geen	235.460	235.660	3.226	1.072
was	235.660	235.910	2.312	3.453
of	236.230	236.400	2.413	3.274
wandelden	236.400	236.720	5.829	6.764
in	236.720	236.880	1.962	1.429
een	236.880	236.990	2.213	1.636
boog	236.990	237.320	4.682	3.251
om	237.610	237.760	2.698	1.065
hem	237.760	237.900	3.321	2.635
heen	237.900	238.200	3.904	1.526
alsof	238.390	238.650	4.395	5.397
hij	238.650	238.750	3.263	0.840
een	238.750	238.820	2.213	1.080
besmettelijke	238.820	239.460	5.439	5.119
ziekte	239.460	239.660	4.616	0.248
had	239.710	239.800	2.766	2.599
misschien	241.380	241.830	4.237	4.060
weten	241.830	242.070	3.947	4.703
ze	242.070	242.190	3.359	1.533
het	242.190	242.280	2.480	1.338
echt	242.280	242.450	4.256	3.380
niet	242.580	242.740	2.792	1.441
misschien	243.870	244.460	4.237	5.364
moet	245.050	245.220	3.258	2.937
ik	245.220	245.320	3.939	0.572
het	245.320	245.400	2.480	1.379
dan	245.400	245.570	3.101	2.754
zelf	245.570	245.890	3.162	2.357
maar	245.890	246.060	2.559	1.647
oplossen	246.060	246.540	4.940	3.048
misschien	247.420	247.920	4.237	5.554
besloot	247.920	248.270	3.595	4.148
hij	248.270	248.470	3.263	1.146
misschien	248.690	249.080	4.237	4.309
als	249.080	249.200	2.491	2.062
ik	249.200	249.310	3.939	3.308
maar	249.310	249.480	2.559	1.845
lang	249.800	250.180	4.030	3.654
en	250.180	250.290	1.787	1.730
grondig	250.290	250.710	4.477	5.047
genoeg	250.710	250.970	4.222	3.324
zoek	250.970	251.230	5.075	5.591
zal	251.230	251.400	3.332	3.272
ik	251.400	251.500	3.939	2.406
wel	251.500	251.640	3.358	2.298
ergens	251.750	252.210	4.381	3.400
tevoorschijn	252.210	252.790	4.473	5.400
komen	252.790	253.030	3.313	1.083
de	253.030	253.150	2.165	1.996
wereld	253.150	253.530	4.319	3.558
is	253.820	254.010	1.630	1.695
tenslotte	254.010	254.410	4.859	4.954
helemaal	254.410	254.850	4.049	4.534
rond	254.850	255.200	3.348	2.487
en	255.540	255.580	1.787	1.503
je	255.580	255.680	4.100	4.106
kan	255.740	255.920	2.818	1.551
er	255.920	256.010	3.175	0.863
naar	256.010	256.140	2.633	2.524
het	256.140	256.210	2.480	0.887
schijnt	256.280	256.630	4.479	3.069
niet	257.050	257.340	2.792	1.881
zo	257.340	257.530	3.358	2.231
makkelijk	257.530	257.990	4.427	2.057
af	257.990	258.140	3.201	2.432
dus	259.070	259.250	3.456	3.763
ergens	259.330	259.830	4.381	3.459
zal	260.200	260.340	3.332	4.271
ik	260.340	260.470	3.939	2.362
me	260.470	260.580	4.261	2.226
wel	260.580	260.730	3.358	2.276
vinden	260.800	261.020	3.811	3.719
en	262.310	262.420	1.787	1.736
vastberaden	262.420	263.075	5.353	5.049
ging	263.075	263.250	3.110	3.611
hij	263.250	263.360	3.263	1.359
op	263.360	263.450	2.308	1.433
pad	263.520	263.660	4.685	2.433
maandenlang	264.710	265.450	5.139	6.631
doolde	265.450	265.760	6.288	6.557
hij	265.760	265.940	3.263	1.221
door	265.940	266.150	2.656	2.578
de	266.150	266.230	2.165	1.115
wijde	266.230	266.570	5.313	4.698
wereld	266.570	266.920	4.319	0.773
meter	267.150	267.610	4.869	5.798
na	267.610	267.780	3.034	2.829
meter	267.780	268.120	4.869	5.663
hij	268.490	268.660	3.263	3.321
uit	268.720	268.870	2.480	2.635
hij	269.680	269.770	3.263	2.928
wierp	269.770	269.910	4.682	4.873
een	269.970	270.110	2.213	1.365
blik	270.110	270.310	4.799	1.609
achter	270.740	270.980	3.465	1.386
elke	271.050	271.350	4.015	4.218
boom	271.350	271.760	4.487	3.399
in	272.390	272.520	1.962	1.646
elke	272.570	272.900	4.015	3.551
gracht	272.900	273.250	5.053	5.221
elke	273.810	274.100	4.015	4.468
struik	274.100	274.580	5.206	4.348
schudde	274.580	274.800	5.529	5.940
hij	274.800	275.020	3.263	0.887
doorheen	275.020	275.580	4.320	4.208
en	275.910	276.030	1.787	2.146
elke	276.030	276.320	4.015	3.689
steen	276.320	276.850	4.464	3.394
tilde	276.850	277.120	5.529	6.138
hij	277.120	277.280	3.263	1.042
op	277.280	277.420	2.308	2.344
hij	278.470	278.540	3.263	3.710
zocht	278.540	278.765	4.146	3.928
in	278.765	278.880	1.962	1.473
het	278.880	279.040	2.480	0.882
licht	279.040	279.200	4.064	2.977
in	279.280	279.390	1.962	1.952
het	279.390	279.480	2.480	0.841
donker	279.540	279.890	4.682	2.107
keek	279.890	280.170	4.709	5.597
in	280.170	280.280	1.962	1.656
kieren	280.370	280.700	5.922	5.511
kasten	280.850	281.140	5.210	5.801
achter	281.140	281.460	3.465	3.795
muren	281.460	281.750	4.713	3.897
in	281.750	282.030	1.962	1.745
brievenbussen	282.030	282.610	5.774	5.949
alles	283.030	283.450	4.017	4.217
keerde	283.500	283.800	3.728	3.712
hij	283.800	283.900	3.263	1.129
binnenstebuiten	283.900	284.600	5.688	7.319
en	284.600	284.720	1.787	1.270
ondersteboven	284.720	285.440	5.121	5.304
zelfs	285.780	286.210	3.611	4.093
de	286.750	286.890	2.165	1.408
dieren	286.890	287.200	4.246	3.507
sprak	287.270	287.530	4.000	4.950
hij	287.780	287.830	3.263	1.131
aan	288.690	288.760	2.485	2.700
dag	290.240	290.410	4.382	4.705
varken	290.490	290.640	5.293	5.773
fluisterde	291.540	291.950	6.001	6.237
hij	291.950	292.080	3.263	3.313
dan	292.080	292.240	3.101	2.708
bijvoorbeeld	292.240	292.670	3.400	2.717
dag	293.510	293.770	4.382	4.430
varken	294.060	294.220	5.293	5.814
zeg	294.400	294.510	5.018	5.255
weet	294.800	294.930	3.841	4.260
jij	295.000	295.270	4.897	3.161
soms	295.670	295.920	3.494	3.953
toevallig	295.920	296.410	4.753	4.466
wie	296.820	296.940	4.226	4.626
ik	296.940	297.040	3.939	2.522
ben	297.040	297.210	4.082	0.535
ik	297.210	297.290	3.939	2.025
ik	297.400	297.500	3.939	3.452
loop	297.500	297.720	4.721	2.899
al	297.720	297.830	3.106	3.031
hele	297.830	298.330	4.817	5.647
dagen	298.330	298.670	4.598	2.420
te	298.670	298.800	2.374	2.225
zoeken	298.800	299.130	4.355	2.814
en	299.220	299.280	1.787	1.010
ik	299.280	299.350	3.939	3.980
dacht	299.580	299.740	4.218	1.861
misschien	299.820	300.420	4.237	3.824
dat	300.420	300.530	2.527	2.155
jij	300.620	300.960	4.897	4.144
mij	300.960	301.280	4.688	2.279
was	304.030	304.210	2.312	2.182
al	304.210	304.360	3.106	2.363
wat	304.360	304.540	3.028	2.674
het	304.540	304.610	2.480	1.603
varken	304.610	304.990	5.293	4.576
antwoordde	304.990	305.620	4.542	5.032
met	306.680	306.850	2.302	1.228
schapen	306.850	307.590	4.915	4.531
paarden	307.690	308.080	4.573	2.407
en	308.080	308.300	1.787	0.196
koeien	308.400	308.740	4.985	1.118
ging	309.140	309.310	3.110	3.520
het	309.310	309.380	2.480	1.432
telkens	309.460	309.890	4.184	3.375
net	310.240	310.550	3.424	2.916
zo	310.550	310.760	3.358	1.672
al	311.540	311.710	3.106	3.369
zeiden	311.710	311.970	4.893	5.181
die	311.970	312.090	2.209	2.675
natuurlijk	312.090	312.540	4.440	4.164
niet	312.540	312.730	2.792	0.911
het	313.320	313.540	2.480	1.962
haalde	315.320	315.710	3.756	3.163
allemaal	315.710	316.170	4.167	5.302
niet	316.430	316.680	2.792	2.151
veel	316.680	316.840	3.369	1.954
uit	316.840	316.910	2.480	2.115
hoe	317.950	318.060	3.841	3.930
hard	318.060	318.260	4.268	3.028
het	318.260	318.400	2.480	0.824
jongetje	318.400	318.780	5.182	4.132
ook	318.780	319.000	2.651	3.054
zocht	319.000	319.420	4.146	4.476
en	319.420	319.605	1.787	1.733
zocht	319.605	319.980	4.146	4.137
en	319.980	320.110	1.787	2.112
zocht	320.110	320.380	4.146	4.137
hij	320.750	320.880	3.263	0.883
vond	320.880	321.160	3.393	3.767
geen	321.210	321.430	3.226	2.204
spoor	321.430	321.990	4.595	3.315
van	322.540	322.715	2.061	0.505
zichzelf	322.715	323.090	3.949	3.908
avonds	325.000	325.420	6.129	7.129
wanneer	326.110	326.360	3.626	3.322
zijn	326.360	326.530	2.381	1.999
kleine	326.590	327.020	3.896	3.243
lijf	327.020	327.320	5.222	5.718
helemaal	327.320	327.870	4.049	4.373
scheel	327.870	328.330	5.642	6.256
stond	328.330	328.620	3.283	3.510
van	328.620	328.810	2.061	1.927
al	328.810	329.030	3.106	3.370
het	329.030	329.090	2.480	0.954
slenteren	329.400	329.860	6.242	7.409
en	329.860	330.020	1.787	1.820
speuren	330.020	330.600	5.838	5.989
legde	331.010	331.380	3.901	4.139
het	331.380	331.430	2.480	1.448
jongetje	331.430	331.830	5.182	4.278
zich	331.830	332.050	2.907	2.381
languit	332.050	332.450	5.976	4.960
op	332.450	332.570	2.308	0.576
het	332.570	332.640	2.480	0.995
gras	332.790	332.960	4.800	3.267
en	333.580	333.670	1.787	0.876
staarde	333.760	334.180	6.053	6.406
naar	334.180	334.320	2.633	1.168
de	334.380	334.460	2.165	0.464
wolken	334.460	334.610	5.015	4.234
wie	335.610	335.750	4.226	4.783
weet	335.750	335.970	3.841	2.572
had	336.630	336.760	2.766	2.913
hij	336.760	336.870	3.263	2.140
zich	336.870	337.040	2.907	1.671
daar	337.040	337.295	3.484	2.274
wel	337.295	337.480	3.358	2.373
achter	337.480	337.700	3.465	3.478
verstopt	337.830	338.230	4.632	5.558
hij	339.670	339.750	3.263	1.641
bestudeerde	339.750	340.410	4.551	4.327
werkelijk	340.410	340.910	4.559	5.033
elke	341.070	341.380	4.015	4.357
wolk	341.380	341.850	5.291	4.353
en	342.550	342.630	1.787	1.442
wachtte	342.630	342.940	4.760	4.437
geduldig	342.940	343.400	5.459	2.148
tot	343.470	343.650	2.703	1.733
ze	343.650	343.800	3.359	2.557
helemaal	343.800	344.290	4.049	2.716
voorbij	344.290	344.680	4.132	3.916
was	344.680	344.900	2.312	1.290
om	345.190	345.330	2.698	2.449
zeker	345.330	345.720	4.036	4.005
te	345.720	345.810	2.374	0.137
zijn	345.810	346.040	2.381	0.192
dat	346.040	346.180	2.527	0.279
hij	346.180	346.340	3.263	0.944
zich	346.340	346.500	2.907	1.507
er	346.600	346.700	3.175	2.164
nergens	346.700	347.150	4.668	4.702
achter	347.220	347.535	3.465	4.135
schuil	347.535	347.890	5.025	4.240
hield	347.960	348.090	3.629	1.906
dan	349.350	349.610	3.101	2.951
maakte	349.610	349.830	3.050	3.722
hij	349.830	349.990	3.263	0.719
in	349.990	350.090	1.962	1.156
een	350.090	350.150	2.213	1.431
schriftje	350.200	350.650	6.288	5.151
een	351.160	351.210	2.213	2.391
heel	351.210	351.430	3.935	3.209
nauwkeurige	351.430	351.940	5.274	3.478
tekening	352.020	352.390	4.799	2.358
van	352.390	352.610	2.061	0.723
die	352.610	352.700	2.209	2.582
wolk	352.700	352.980	5.291	6.110
en	353.260	353.365	1.787	1.442
gaf	353.365	353.600	3.360	2.998
haar	353.600	353.800	3.204	1.625
een	353.800	353.840	2.213	0.786
nummer	353.840	354.130	3.961	3.032
zo	355.130	355.240	3.358	3.598
zou	355.240	355.480	2.897	2.479
hij	355.480	355.605	3.263	1.239
ze	355.605	355.700	3.359	2.607
later	355.700	356.030	3.351	2.372
weer	356.030	356.180	3.156	1.623
makkelijk	356.180	356.570	4.427	4.389
kunnen	356.570	356.760	3.061	1.886
herkennen	356.760	357.170	4.803	3.328
en	357.580	357.620	1.787	0.903
moest	357.620	357.870	3.237	3.123
hij	357.870	357.930	3.263	0.990
ze	357.930	358.020	3.359	3.611
niet	358.020	358.170	2.792	1.668
telkens	358.220	358.635	4.184	4.387
opnieuw	358.635	358.990	3.329	1.251
doorzoeken	358.990	359.450	5.384	6.258
want	359.830	359.990	3.604	3.999
wolken	359.990	360.450	5.015	5.771
zijn	361.070	361.270	2.381	1.726
er	361.270	361.370	3.175	1.996
wel	361.370	361.640	3.358	2.081
heel	362.300	362.900	3.935	2.557
veel	362.900	363.120	3.369	0.873
en	364.450	364.520	1.787	2.614
zo	364.520	364.720	3.358	2.604
viel	364.720	365.110	3.595	3.080
hij	365.110	365.190	3.263	0.983
elke	365.190	365.370	4.015	3.830
avond	365.420	365.740	4.978	1.471
in	366.390	366.470	1.962	1.402
slaap	366.600	366.750	5.115	2.269
maar	368.780	368.870	2.559	1.948
op	368.870	368.970	2.308	2.094
een	368.970	369.000	2.213	1.017
zekere	369.000	369.330	5.216	2.477
avond	369.330	369.700	4.978	2.313
viel	370.170	370.320	3.595	2.916
er	370.320	370.430	3.175	2.113
niet	370.430	370.610	2.792	1.411
een	370.770	371.050	2.213	2.297
wolk	371.050	371.390	5.291	4.630
te	371.440	371.500	2.374	1.811
bespeuren	371.500	371.960	6.221	3.689
niet	372.580	372.720	2.792	3.561
eens	372.720	372.950	4.313	2.536
een	372.950	373.040	2.213	1.323
halve	373.040	373.450	4.683	3.036
de	373.880	373.930	2.165	2.948
hemel	373.930	374.420	4.948	4.000
was	374.770	374.990	2.312	2.105
helemaal	375.380	375.860	4.049	3.727
leeg	375.860	376.030	4.505	1.960
en	377.400	377.480	1.787	0.865
terwijl	377.480	377.760	3.204	3.997
de	377.760	377.880	2.165	0.654
zon	377.880	378.120	3.872	3.255
als	378.120	378.295	2.491	2.146
een	378.295	378.430	2.213	0.808
oude	378.520	378.770	3.986	2.886
ballon	378.770	379.260	5.283	5.983
uit	379.260	379.430	2.480	2.331
de	379.430	379.550	2.165	1.085
lucht	379.550	379.690	4.495	2.469
zakte	379.770	380.170	4.530	5.812
telde	380.690	381.070	3.886	4.401
het	381.070	381.120	2.480	1.631
jongetje	381.120	381.510	5.182	4.273
hoeveel	381.510	381.830	4.757	5.160
wolken	381.830	382.180	5.015	5.313
hij	382.180	382.320	3.263	3.336
al	382.320	382.420	3.106	2.583
bij	382.420	382.560	2.609	2.145
elkaar	382.560	382.900	3.916	2.422
had	382.950	383.090	2.766	2.443
getekend	383.150	383.470	4.254	3.117
zuchtte	389.110	389.490	6.013	7.535
hij	390.670	390.990	3.263	3.450
terwijl	391.560	391.800	3.204	3.435
hij	391.800	391.940	3.263	0.186
de	391.940	392.030	2.165	1.321
laatste	392.030	392.420	4.232	2.136
omdraaide	393.185	393.760	5.911	6.989
hij	394.680	394.760	3.263	3.593
duwde	394.760	395.000	5.265	5.045
zijn	395.000	395.180	2.381	1.585
potlood	395.180	395.570	5.493	5.215
met	395.570	395.740	2.302	2.021
de	395.740	395.790	2.165	1.375
punt	395.860	396.090	4.442	3.266
in	396.090	396.210	1.962	1.306
het	396.210	396.300	2.480	1.350
gras	396.420	396.710	4.800	3.657
en	397.060	397.165	1.787	0.923
staarde	397.165	397.640	6.053	6.397
verloren	397.720	398.100	3.791	3.934
voor	398.100	398.335	2.409	2.424
zich	398.335	398.470	2.907	2.979
uit	398.560	398.730	2.480	1.095
de	399.860	399.910	2.165	1.187
zon	399.910	400.180	3.872	3.809
prikte	400.230	400.450	5.873	6.867
zich	400.570	400.800	2.907	3.083
in	400.990	401.090	1.962	1.261
de	401.090	401.150	2.165	0.863
takken	401.270	401.510	4.652	4.495
van	401.510	401.710	2.061	0.325
de	401.710	401.740	2.165	0.282
bomen	401.800	402.000	4.506	1.500
de	402.950	402.990	2.165	1.913
hemel	402.990	403.370	4.948	4.034
kleurde	403.440	403.780	5.541	6.076
rood	403.880	404.000	4.241	1.837
erg	406.040	406.380	3.846	4.381
mooi	406.380	406.830	4.694	2.802
klonk	407.790	407.990	4.793	3.680
plots	408.050	408.320	4.536	5.067
een	408.320	408.420	2.213	1.258
zware	408.420	408.770	4.307	3.323
donkere	408.770	409.110	4.660	3.394
mannenstem	409.110	409.660	6.097	6.436
het	409.850	409.980	2.480	2.597
jongetje	409.980	410.260	5.182	4.075
schrok	410.260	410.620	5.376	5.779
en	410.620	410.680	1.787	1.355
sprong	410.680	411.030	4.541	4.400
recht	411.030	411.150	4.012	3.637
zijn	411.600	411.730	2.381	2.372
schrift	411.730	412.050	4.745	5.166
tuimelde	412.160	412.570	5.911	6.431
van	412.570	412.730	2.061	2.297
zijn	412.730	412.840	2.381	2.124
schoot	412.840	413.100	4.405	5.801
wie	413.300	413.450	4.226	4.730
wie	413.450	413.580	4.226	3.226
ben	413.580	413.690	4.082	2.545
jij	413.690	414.110	4.897	0.836
hij	414.880	415.070	3.263	3.478
en	415.350	415.420	1.787	2.163
struikelde	415.420	415.960	5.512	5.956
bijna	415.960	416.330	3.673	4.130
over	416.330	416.560	2.856	2.655
het	416.560	416.640	2.480	1.109
potlood	416.770	417.120	5.493	5.259
dat	417.120	417.260	2.527	1.594
uit	417.260	417.410	2.480	2.541
de	417.410	417.440	2.165	0.653
grond	417.530	417.710	4.379	2.109
stak	417.760	417.960	4.439	0.762
de	418.930	419.020	2.165	1.429
man	419.020	419.290	3.901	3.432
glimlachte	419.350	419.730	6.013	7.045
hij	420.500	420.580	3.263	3.427
miste	420.580	420.730	4.375	3.752
een	420.820	420.990	2.213	1.497
tand	421.060	421.270	5.042	4.432
ach	422.550	423.020	5.442	6.280
noem	423.200	423.450	5.601	5.758
me	423.450	423.560	4.261	1.516
maar	423.560	423.870	2.559	0.674
milan	423.870	424.370	4.962	6.137
hij	424.800	424.840	3.263	3.019
raapte	425.410	425.900	6.013	5.907
het	425.900	425.970	2.480	2.640
schrift	425.970	426.270	4.745	3.923
met	426.320	426.480	2.302	1.826
de	426.480	426.510	2.165	1.027
op	427.320	427.530	2.308	2.938
en	427.850	427.970	1.787	1.667
bladerde	427.970	428.400	6.221	8.351
er	428.400	428.580	3.175	3.315
doorheen	428.580	429.030	4.320	3.577
mmm	430.520	431.490	5.932	6.936
mooie	431.490	431.810	4.796	4.982
wolken	431.810	432.200	5.015	5.218
heb	432.200	432.400	4.504	4.835
jij	432.400	432.610	4.897	2.140
hier	432.610	432.720	3.551	2.814
gemaakt	432.720	433.140	3.421	3.446
bwa	434.300	434.550	6.221	7.555
gaat	435.140	435.380	3.229	3.351
wel	435.380	435.720	3.358	2.978
het	435.840	435.870	2.480	2.172
zijn	435.870	436.020	2.381	2.993
maar	436.020	436.130	2.559	2.244
tekeningen	436.250	436.820	4.503	6.034
mompelde	437.350	437.670	6.146	6.718
het	437.670	437.810	2.480	2.574
jongetje	437.810	438.100	5.182	4.075
wat	438.100	438.250	3.028	2.394
verlegen	438.250	438.770	5.251	3.844
hij	439.510	439.550	3.263	3.613
tikte	439.610	439.830	5.546	5.074
met	439.830	439.970	2.302	1.568
zijn	439.970	440.080	2.381	0.692
schoen	440.080	440.410	5.295	3.828
tegen	440.410	440.620	3.146	3.060
het	440.620	440.700	2.480	1.382
potlood	440.790	441.200	5.493	5.083
en	441.200	441.280	1.787	0.985
bekeek	441.280	441.590	5.166	5.388
de	441.590	441.660	2.165	0.588
man	441.660	441.880	3.901	3.304
stiekem	441.950	442.290	4.809	3.731
van	442.290	442.480	2.061	1.750
kop	442.560	442.740	4.548	4.446
tot	442.790	442.900	2.703	0.437
teen	443.000	443.210	5.134	0.855
het	443.740	443.790	2.480	2.082
was	443.790	443.920	2.312	2.758
een	443.920	444.010	2.213	0.954
oude	444.010	444.280	3.986	2.855
man	444.280	444.500	3.901	1.554
met	444.500	444.670	2.302	1.082
een	444.670	444.800	2.213	0.208
wilde	445.140	445.430	3.408	4.108
bos	445.430	445.630	4.305	2.620
grijze	445.630	446.070	4.740	5.323
haren	446.070	446.360	4.696	1.908
een	446.360	446.540	2.213	2.083
bijna	446.540	446.820	3.673	3.554
vierkante	446.820	447.350	4.807	2.158
baard	447.350	447.690	5.134	5.580
en	448.290	448.370	1.787	0.886
een	448.370	448.570	2.213	1.172
dat	449.090	449.220	2.527	3.643
tegen	449.300	449.570	3.146	3.127
het	449.570	449.710	2.480	0.805
licht	449.710	449.840	4.064	2.445
van	449.900	450.050	2.061	1.212
de	450.050	450.120	2.165	0.090
zon	450.120	450.390	3.872	1.031
helemaal	450.390	450.975	4.049	3.902
rood	450.975	451.210	4.241	3.036
kleurde	451.310	451.530	5.541	2.885
zijn	452.790	452.950	2.381	2.194
ogen	452.950	453.160	4.518	3.534
terwijl	453.700	453.920	3.204	2.687
hij	453.920	454.030	3.263	1.354
door	454.030	454.200	2.656	2.105
het	454.250	454.290	2.480	0.794
schrift	454.290	454.500	4.745	4.585
bladerde	454.600	454.950	6.221	6.988
en	455.030	455.060	1.787	1.093
wat	455.960	456.140	3.028	3.120
verborgen	456.140	456.590	4.347	4.357
tussen	456.590	456.850	3.063	2.181
een	456.850	456.940	2.213	1.573
hele	456.940	457.200	4.817	3.549
hoop	457.200	457.420	4.800	1.781
rimpels	457.420	457.790	5.577	5.924
lag	458.310	458.450	3.520	3.857
een	458.450	458.630	2.213	1.456
diepe	458.630	458.930	4.727	3.074
glimlach	459.010	459.350	5.504	6.132
hij	460.210	460.270	3.263	3.570
leek	460.270	460.440	3.907	3.752
een	460.440	460.510	2.213	1.513
beetje	460.510	460.780	5.321	1.793
op	460.780	460.930	2.308	0.090
een	460.930	461.070	2.213	0.709
versleten	461.430	461.990	5.166	4.937
zeerover	461.990	462.580	5.864	6.216
en	463.480	463.580	1.787	1.288
wat	463.580	463.770	3.028	3.120
is	463.770	463.910	1.630	1.836
dit	463.910	464.150	3.278	2.089
de	465.600	465.660	2.165	1.371
man	465.660	465.945	3.901	3.316
wees	465.945	466.240	4.127	5.158
naar	466.240	466.420	2.633	2.127
een	466.420	466.510	2.213	1.035
tekening	466.580	467.010	4.799	3.095
van	467.310	467.430	2.061	0.086
een	467.430	467.500	2.213	0.744
vreemde	467.500	467.870	4.754	3.503
machine	467.870	468.270	4.503	2.557
oh	469.150	469.250	4.644	4.503
dat	469.250	469.440	2.527	2.392
dat	469.440	469.660	2.527	2.731
is	469.660	470.010	1.630	2.017
dat	470.140	470.300	2.527	2.414
is	470.300	470.430	1.630	2.393
gewoon	470.430	470.740	4.172	3.165
een	470.740	470.790	2.213	0.801
soort	470.790	471.100	4.300	2.574
machine	471.390	471.960	4.503	3.762
waarmee	471.960	472.420	3.257	2.296
waarmee	473.000	473.240	3.257	4.201
mensen	473.240	473.600	3.919	2.675
zichzelf	473.600	474.070	3.949	3.382
kunnen	474.070	474.280	3.061	1.253
vinden	474.280	474.690	3.811	2.665
ik	474.690	474.750	3.939	4.556
heb	474.890	474.980	4.504	1.373
die	474.980	475.090	2.209	2.375
getekend	475.090	475.620	4.254	4.235
op	475.620	475.730	2.308	2.041
een	475.730	475.830	2.213	0.992
avond	475.830	476.180	4.978	2.689
dat	476.350	476.520	2.527	1.866
er	476.520	476.590	3.175	2.079
te	476.680	476.750	2.374	2.193
weinig	476.750	477.060	3.909	0.360
wolken	477.110	477.460	5.015	4.942
waren	477.460	477.720	2.839	2.646
zo	479.040	479.550	3.358	2.518
en	480.570	480.650	1.787	2.721
werkt	480.650	480.880	3.677	3.468
ze	480.880	480.930	3.359	1.341
ook	480.930	481.140	2.651	1.263
echt	481.140	481.310	4.256	3.226
jouw	481.380	481.760	5.281	5.855
maar	483.960	484.020	2.559	2.691
natuurlijk	484.800	485.340	4.440	4.112
werkt	485.340	485.550	3.677	4.230
ze	485.550	485.670	3.359	1.874
echt	485.670	485.860	4.256	3.908
het	486.270	486.370	2.480	2.047
jongetje	486.370	486.790	5.182	4.205
wees	486.790	487.110	4.127	4.530
op	487.190	487.300	2.308	1.229
de	487.300	487.330	2.165	0.598
tekening	487.420	487.790	4.799	3.584
kijk	488.140	488.330	4.720	5.850
hier	488.930	489.100	3.551	2.568
zit	489.100	489.270	3.694	3.393
een	489.270	489.370	2.213	0.854
hendel	489.370	489.690	5.829	3.342
als	489.890	489.980	2.491	2.928
je	489.980	490.080	4.100	2.919
daaraan	490.080	490.460	4.738	4.387
draait	490.460	490.810	4.221	4.654
zo	490.810	491.100	3.358	2.784
dan	491.100	491.250	3.101	3.547
start	491.250	491.530	4.277	4.031
die	491.660	491.780	2.209	2.612
en	492.120	492.210	1.787	2.953
als	492.210	492.340	2.491	2.544
je	492.340	492.420	4.100	2.396
dan	492.420	492.690	3.101	1.636
op	492.880	493.030	2.308	2.158
die	493.030	493.210	2.209	1.865
gele	493.210	493.500	4.513	5.719
knop	493.550	493.810	5.272	3.749
duwt	493.810	494.090	5.022	5.325
terwijl	494.090	494.350	3.204	3.649
je	494.350	494.390	4.100	2.769
met	494.390	494.560	2.302	1.630
je	494.560	494.680	4.100	0.514
linker	494.680	494.930	5.150	5.838
voet	494.930	495.155	4.506	2.862
dat	495.155	495.360	2.527	2.491
pedaal	495.360	495.710	5.456	6.335
ingedrukt	495.780	496.230	5.347	3.307
houdt	496.230	496.490	3.740	2.317
tot	496.780	496.890	2.703	2.730
die	496.940	497.120	2.209	2.453
grote	497.120	497.470	3.649	3.116
wijzer	497.470	497.790	5.550	5.735
hier	497.790	497.945	3.551	3.838
zie	497.945	498.090	3.611	4.104
je	498.090	498.220	4.100	0.363
deze	498.220	498.600	3.287	2.209
op	498.820	498.990	2.308	1.970
vier	498.990	499.290	3.693	3.397
staat	499.290	499.590	3.090	3.854
dan	499.590	499.850	3.101	2.171
ik	500.510	500.660	3.939	3.839
geloof	500.660	501.040	4.581	2.417
je	501.040	501.110	4.100	3.136
niet	501.110	501.280	2.792	2.109
je	502.190	502.260	4.100	2.341
verzint	502.260	502.640	5.305	5.837
maar	502.730	502.910	2.559	2.959
wat	502.910	503.040	3.028	2.914
hoe	504.420	504.490	3.841	4.400
kan	504.490	504.730	2.818	2.460
jij	504.730	504.880	4.897	5.033
dat	504.880	505.030	2.527	1.866
nu	505.030	505.180	3.374	2.645
weten	505.180	505.430	3.947	3.827
protesteerde	505.430	506.060	4.851	5.595
het	506.060	506.100	2.480	2.197
jongetje	506.100	506.450	5.182	4.141
omdat	507.050	507.320	3.111	3.514
de	507.320	507.350	2.165	0.973
man	507.350	507.580	3.901	2.872
hem	507.580	507.720	3.321	2.328
zomaar	507.720	508.080	5.136	5.141
onderbrak	508.080	508.530	5.184	5.393
kijk	509.110	509.350	4.720	5.163
dan	509.350	509.480	3.101	2.236
gewoon	509.480	509.790	4.172	3.126
als	509.980	510.150	2.491	2.034
die	510.220	510.410	2.209	2.462
wijzer	510.410	510.730	5.550	6.152
hier	510.730	510.920	3.551	3.838
op	510.920	511.020	2.308	1.859
vier	511.020	511.300	3.693	3.367
staat	511.300	511.630	3.090	3.854
dan	511.630	511.690	3.101	2.171
moet	511.920	512.050	3.258	2.132
je	512.050	512.100	4.100	1.412
enkel	512.100	512.420	3.862	3.605
nog	512.420	512.560	2.995	1.518
met	512.560	512.740	2.302	1.738
je	512.740	512.820	4.100	3.975
neus	512.820	513.290	4.892	2.493
deze	513.530	513.930	3.287	3.168
rode	513.930	514.190	4.140	3.886
knop	514.190	514.500	5.272	4.167
indrukken	514.500	514.890	5.254	2.458
en	515.080	515.250	1.787	1.133
dan	515.250	515.510	3.101	2.999
nee	516.150	516.400	5.033	5.183
ik	516.400	516.460	3.939	1.613
geloof	516.540	516.950	4.581	2.453
je	516.950	517.130	4.100	3.136
niet	517.130	517.230	2.792	2.109
waarom	518.260	518.530	4.490	3.820
heb	518.530	518.690	4.504	2.853
je	518.690	518.770	4.100	0.285
hem	518.770	518.940	3.321	2.542
dan	518.940	519.020	3.101	1.826
nog	519.020	519.220	2.995	1.765
niet	519.220	519.430	2.792	1.283
gebouwd	519.430	519.800	3.364	2.851
het	519.910	519.950	2.480	2.960
jongetje	522.290	522.650	5.182	4.179
zweeg	522.720	522.980	5.670	6.073
en	523.060	523.160	1.787	1.419
staarde	523.240	523.580	6.053	6.024
wat	523.580	523.760	3.028	3.171
in	523.760	523.900	1.962	1.577
de	523.900	523.940	2.165	0.754
verte	523.940	524.140	5.700	3.708
de	524.250	524.280	2.165	1.239
zon	525.100	525.340	3.872	3.713
had	525.340	525.490	2.766	2.581
zich	525.490	525.620	2.907	1.168
al	525.620	525.730	3.106	1.467
helemaal	525.730	526.110	4.049	3.324
in	526.110	526.240	1.962	1.360
de	526.240	526.270	2.165	0.290
bomen	526.270	526.600	4.506	3.880
het	527.570	527.640	2.480	2.532
was	527.640	527.770	2.312	2.641
net	527.770	527.990	3.424	2.714
alsof	527.990	528.230	4.395	1.386
ze	528.230	528.300	3.359	0.621
in	528.300	528.470	1.962	1.502
brand	528.470	528.780	4.530	1.158
stond	528.780	529.040	3.283	2.266
wat	530.520	530.660	3.028	3.434
weet	530.660	530.800	3.841	3.898
jij	530.860	531.060	4.897	2.077
nu	531.060	531.180	3.374	2.406
van	531.180	531.420	2.061	2.075
mompelde	533.160	533.560	6.146	7.121
hij	533.560	533.830	3.263	1.057
de	534.900	534.970	2.165	1.903
man	534.970	535.200	3.901	2.917
glimlachte	535.200	535.700	6.013	7.240
nog	535.700	535.830	2.995	3.160
wat	535.830	535.940	3.028	2.349
breder	535.940	536.380	4.713	3.590
en	536.380	536.510	1.787	0.712
legde	536.510	536.770	3.901	3.728
een	536.770	536.890	2.213	1.189
hand	536.890	537.120	4.402	4.225
op	537.200	537.330	2.308	1.501
de	537.330	537.370	2.165	0.668
schouder	537.430	537.795	5.300	1.522
van	537.795	537.950	2.061	0.101
het	537.950	538.060	2.480	0.888
jongetje	538.060	538.370	5.182	4.176
het	539.570	539.710	2.480	2.534
zijn	539.710	539.910	2.381	2.799
erg	539.910	540.260	3.846	2.976
mooie	540.260	540.670	4.796	4.005
tekeningen	540.740	541.260	4.503	3.360
jongeman	541.260	541.690	5.026	5.598
je	541.690	541.810	4.100	4.383
hebt	541.810	541.960	4.796	2.069
veel	542.080	542.430	3.369	2.000
talent	542.480	542.830	4.547	3.373
hij	543.690	543.780	3.263	2.667
klapte	543.780	544.190	5.516	6.451
het	544.190	544.260	2.480	1.048
schrift	544.260	544.510	4.745	3.988
dicht	544.620	544.760	3.971	4.738
en	545.310	545.410	1.787	1.479
gaf	545.410	545.590	3.360	3.090
het	545.590	545.650	2.480	1.180
terug	545.720	545.910	3.220	3.410
maar	546.680	546.820	2.559	2.381
vergeet	546.820	547.200	5.070	4.695
de	547.200	547.230	2.165	0.553
machine	547.230	547.770	4.503	3.917
die	548.360	548.530	2.209	1.563
zal	548.530	548.830	3.332	3.924
echt	548.880	549.050	4.256	4.539
nooit	549.660	550.000	3.718	4.078
werken	550.070	550.210	3.624	3.451
en	551.640	551.750	1.787	1.615
hij	551.750	551.840	3.263	1.928
maakte	551.840	552.140	3.050	2.017
nog	552.140	552.270	2.995	2.944
een	552.270	552.350	2.213	0.729
halve	552.350	552.630	4.683	3.099
kniebuiging	552.630	553.240	6.396	7.485
alsof	553.240	553.480	4.395	4.472
het	553.480	553.580	2.480	0.771
jongetje	553.580	553.900	5.182	4.382
een	553.900	553.980	2.213	1.683
soort	553.980	554.170	4.300	2.762
koning	554.280	554.620	3.919	3.532
was	554.620	554.750	2.312	2.074
en	555.670	555.780	1.787	1.497
verdween	555.780	556.100	3.961	3.512
het	557.670	557.710	2.480	1.011
jongetje	557.710	558.050	5.182	4.349
liet	558.050	558.200	3.389	3.792
zijn	558.200	558.330	2.381	1.717
ogen	558.330	558.600	4.518	3.769
weer	558.600	558.730	3.156	2.358
op	558.730	558.840	2.308	1.503
zijn	558.840	558.980	2.381	1.692
tekening	559.030	559.430	4.799	4.182
vallen	559.430	559.680	3.844	4.535
het	560.340	560.390	2.480	2.069
was	560.390	560.500	2.312	2.663
nu	560.570	560.650	3.374	2.606
bijna	560.650	560.930	3.673	2.452
helemaal	560.930	561.340	4.049	1.370
donker	561.340	561.650	4.682	3.144
wat	562.520	562.710	3.028	2.827
een	562.710	562.830	2.213	1.464
domme	562.830	563.030	5.387	5.072
man	563.030	563.320	3.901	1.580
dacht	563.320	563.450	4.218	4.790
hij	563.510	563.670	3.263	1.285
natuurlijk	563.670	564.190	4.440	4.343
werkt	564.190	564.420	3.677	4.251
mijn	564.420	564.590	4.258	5.001
machine	564.590	564.950	4.503	4.862
waarom	564.950	565.180	4.490	4.897
zou	565.180	565.350	2.897	1.980
die	565.350	565.440	2.209	3.008
nu	565.440	565.570	3.374	2.658
niet	565.570	565.870	2.792	1.763
werken	565.870	566.230	3.624	4.490
hij	567.270	567.380	3.263	2.235
legde	567.380	567.640	3.901	3.721
zich	567.640	567.780	2.907	1.200
in	567.780	567.860	1.962	1.214
het	567.860	567.950	2.480	1.194
gras	568.000	568.220	4.800	3.423
en	568.700	568.780	1.787	0.923
zag	568.780	569.020	3.637	3.809
hoe	569.020	569.190	3.841	1.217
de	569.190	569.260	2.165	0.635
sterren	569.260	569.620	4.577	4.452
een	569.620	569.860	2.213	1.889
voor	569.860	570.020	2.409	2.819
een	570.020	570.185	2.213	0.750
hij	571.710	571.750	3.263	4.779
telde	571.820	572.030	3.886	4.532
er	572.030	572.160	3.175	2.355
vier	572.260	572.520	3.693	2.941
en	573.110	573.280	1.787	1.753
viel	573.280	573.440	3.595	3.699
in	573.500	573.570	1.962	1.049
slaap	573.700	573.830	5.115	1.464
de	575.600	575.680	2.165	3.116
volgende	575.680	576.040	4.567	2.976
dag	576.040	576.330	4.382	1.376
wilde	576.630	576.940	3.408	3.480
het	576.940	576.990	2.480	1.706
jongetje	576.990	577.370	5.182	4.333
plots	577.440	577.780	4.536	4.939
niet	577.830	578.100	2.792	1.949
langer	578.100	578.360	4.240	2.409
op	578.360	578.460	2.308	1.652
pad	578.510	578.640	4.685	3.747
hij	579.170	579.210	3.263	2.537
was	579.350	579.570	2.312	1.901
onrustig	579.570	580.020	5.272	5.103
hij	580.260	580.330	3.263	3.744
kon	580.330	580.520	3.130	2.791
de	580.520	580.580	2.165	1.338
vreemde	580.580	580.950	4.754	4.631
man	580.950	581.110	3.901	1.530
maar	581.110	581.380	2.559	2.262
niet	581.380	581.690	2.792	1.858
uit	581.690	581.910	2.480	2.155
zijn	581.910	582.095	2.381	0.830
hoofd	582.095	582.360	4.138	0.477
krijgen	582.450	582.640	3.748	2.568
en	583.140	583.200	1.787	1.693
nog	583.200	583.330	2.995	3.082
voor	583.330	583.570	2.409	1.761
het	583.570	583.700	2.480	0.584
middag	583.700	583.940	5.353	6.554
werd	583.940	584.110	2.258	1.973
besloot	584.110	584.490	3.595	3.803
hij	584.490	584.600	3.263	0.573
om	584.600	584.680	2.698	1.100
zijn	584.680	584.850	2.381	1.110
machine	584.850	585.300	4.503	3.602
dan	585.560	585.710	3.101	2.892
maar	585.710	585.820	2.559	2.492
echt	585.950	586.080	4.256	4.051
te	586.170	586.230	2.374	1.909
bouwen	586.230	586.560	4.046	2.453
hij	586.810	586.880	3.263	3.144
wist	586.880	587.070	3.490	3.106
nog	587.070	587.210	2.995	2.040
niet	587.210	587.350	2.792	0.799
precies	587.350	587.780	4.161	2.378
hoe	588.170	588.480	3.841	1.526
maar	588.800	588.950	2.559	3.428
hij	588.950	589.000	3.263	1.709
wist	589.000	589.250	3.490	1.803
wel	589.250	589.540	3.358	1.529
dat	589.840	590.060	2.527	1.213
het	590.060	590.120	2.480	1.145
hem	590.120	590.310	3.321	2.766
zou	590.310	590.550	2.897	2.002
lukken	590.550	590.710	5.563	1.037
eerst	591.720	592.060	3.622	4.333
tekende	592.360	592.740	3.825	3.840
hij	592.740	592.840	3.263	0.978
een	592.840	592.880	2.213	0.794
hele	592.880	593.200	4.817	3.376
boel	593.200	593.430	5.611	3.071
ingewikkelde	593.430	594.010	5.196	5.352
plannen	594.100	594.300	4.262	3.073
verzamelde	594.680	595.130	4.300	4.982
dan	595.130	595.290	3.101	3.097
al	595.290	595.480	3.106	2.562
het	595.480	595.560	2.480	1.477
nodige	595.560	595.870	5.670	2.562
materiaal	595.870	596.350	4.126	2.043
in	596.350	596.450	1.962	1.636
een	596.450	596.490	2.213	1.069
verlaten	596.490	596.915	4.077	3.014
schuur	596.915	597.270	5.164	2.267
en	597.270	597.390	1.787	1.163
ging	597.390	597.610	3.110	2.820
aan	597.610	597.740	2.485	1.755
de	597.740	597.770	2.165	0.108
slag	597.820	598.090	4.584	0.126
hij	598.750	598.810	3.263	5.021
timmerde	598.960	599.540	5.719	6.409
zaagde	599.800	600.440	6.039	6.266
schilderde	600.690	601.390	4.193	4.369
en	601.610	601.860	1.787	1.381
boorde	601.860	602.370	5.370	5.636
dag	602.370	602.670	4.382	4.962
in	602.670	602.840	1.962	1.741
dag	602.840	603.060	4.382	1.438
uit	603.060	603.290	2.480	0.019
tot	603.500	603.680	2.703	1.786
een	603.680	603.780	2.213	0.519
gat	603.840	604.110	4.912	4.353
in	604.360	604.480	1.962	0.713
de	604.480	604.550	2.165	0.259
nacht	604.550	604.760	4.790	3.351
mensen	605.890	606.180	3.919	5.185
vroegen	606.180	606.380	4.557	3.736
zich	606.380	606.500	2.907	0.992
af	606.500	606.650	3.201	0.153
wat	606.650	606.780	3.028	1.050
hij	606.780	606.820	3.263	1.333
allemaal	606.820	607.070	4.167	2.859
uitvoerde	607.070	607.610	4.536	5.188
maar	607.830	607.975	2.559	1.783
ze	607.975	608.060	3.359	2.006
lieten	608.060	608.240	4.060	2.892
hem	608.240	608.320	3.321	1.022
met	608.320	608.570	2.302	2.091
rust	608.570	608.765	4.361	1.818
ze	608.765	608.810	3.359	4.081
waren	608.810	609.040	2.839	2.732
al	609.040	609.250	3.106	1.980
lang	609.250	609.510	4.030	2.022
blij	609.740	610.030	4.995	2.707
dat	610.030	610.160	2.527	1.204
hij	610.160	610.380	3.263	0.950
ze	610.380	610.410	3.359	2.762
niet	610.410	610.650	2.792	1.026
langer	610.650	610.920	4.240	1.993
lastig	611.210	611.595	4.586	4.616
viel	611.595	611.850	3.595	2.198
met	611.850	612.020	2.302	2.416
zijn	612.020	612.175	2.381	0.844
vreemde	612.175	612.550	4.754	3.929
vragen	612.620	612.860	4.234	4.591
en	614.060	614.120	1.787	1.387
dus	614.120	614.250	3.456	2.880
knutselde	614.320	614.700	6.182	7.484
het	614.700	614.880	2.480	2.672
jongetje	614.880	615.260	5.182	4.075
naarstig	615.610	616.090	5.601	6.004
verder	616.170	616.290	3.467	2.011
tot	617.350	617.480	2.703	2.074
op	617.480	617.610	2.308	1.875
een	617.610	617.710	2.213	0.703
dag	617.710	617.930	4.382	1.471
de	618.340	618.410	2.165	0.896
machine	618.410	618.850	4.503	4.005
klaar	619.340	619.610	4.217	2.789
was	619.680	619.790	2.312	0.561
het	620.670	620.720	2.480	1.949
was	620.720	620.920	2.312	2.863
een	620.920	621.000	2.213	0.991
indrukwekkend	621.130	622.080	5.381	4.279
apparaat	622.230	622.630	4.848	5.296
overal	624.130	624.665	4.306	4.694
zaten	624.665	624.920	4.129	4.595
en	625.530	625.640	1.787	1.531
knoppen	625.730	626.110	5.072	5.021
en	626.110	626.250	1.787	0.974
en	626.820	626.910	1.787	2.837
helemaal	626.910	627.260	4.049	4.403
bovenop	627.260	627.760	4.614	3.663
een	628.120	628.230	2.213	1.229
lange	628.230	628.710	3.952	3.229
blinkende	628.710	629.250	5.976	6.715
pijp	629.370	629.620	5.245	5.263
die	630.000	630.120	2.209	1.662
dwars	630.120	630.440	4.445	3.672
door	630.520	630.690	2.656	0.134
het	630.690	630.780	2.480	0.398
dak	630.780	630.960	4.707	2.875
van	630.960	631.160	2.061	0.213
de	631.160	631.190	2.165	0.232
schuur	631.190	631.620	5.164	2.486
hoog	631.910	632.310	4.101	4.923
de	632.310	632.420	2.165	2.104
hemel	632.420	632.780	4.948	4.045
in	632.780	632.930	1.962	1.385
wees	632.930	633.240	4.127	5.501
zie	633.800	633.940	3.611	4.176
zo	633.940	634.180	3.358	3.217
sprak	634.720	635.030	4.000	3.582
het	635.030	635.110	2.480	1.768
jongetje	635.110	635.460	5.182	4.151
klaar	635.530	635.810	4.217	4.620
waar	636.740	636.910	2.802	3.240
is	636.910	637.060	1.630	2.239
nu	637.060	637.170	3.374	2.684
die	637.170	637.280	2.209	3.015
zoetzure	637.280	637.770	6.013	7.203
zeerover	637.770	638.270	5.864	6.040
die	638.270	638.370	2.209	1.479
durft	638.370	638.570	5.049	5.288
beweren	638.570	638.960	4.764	5.389
dat	638.960	639.100	2.527	0.370
mijn	639.100	639.320	4.258	3.973
niet	640.460	640.700	2.792	2.996
werkt	640.700	640.920	3.677	3.297
dat	641.620	641.730	2.527	2.157
hij	641.730	641.830	3.263	1.677
nu	641.830	641.960	3.374	2.454
maar	641.960	642.090	2.559	2.873
eens	642.090	642.220	4.313	0.483
komt	642.220	642.430	3.028	3.067
kijken	642.490	642.850	4.457	3.100
hij	643.000	643.080	3.263	3.139
zal	643.080	643.260	3.332	3.033
wel	643.260	643.400	3.358	2.403
anders	643.400	643.660	3.963	3.400
piepen	643.830	644.120	5.855	6.718
hij	645.230	645.270	3.263	3.525
probeerde	645.270	645.680	3.781	3.461
zijn	645.680	645.850	2.381	1.413
handen	645.850	646.160	4.575	3.621
proper	646.160	646.530	5.529	6.413
te	646.580	646.660	2.374	1.448
wrijven	646.660	647.000	5.632	4.212
aan	647.000	647.100	2.485	3.116
een	647.100	647.200	2.213	1.619
vuile	647.200	647.470	5.390	5.193
vod	647.470	647.710	5.976	6.299
en	647.820	647.850	1.787	1.912
probeerde	647.910	648.280	3.781	3.451
de	648.280	648.340	2.165	0.868
machine	648.340	648.770	4.503	3.007
te	648.770	648.810	2.374	1.280
starten	648.810	649.120	4.574	1.832
toen	649.900	650.070	3.243	5.017
plots	650.130	650.430	4.536	4.016
de	651.190	651.310	2.165	1.589
deur	651.310	651.590	4.881	3.771
van	651.590	651.730	2.061	1.130
de	651.730	651.815	2.165	0.453
schuur	651.815	652.210	5.164	4.463
open	652.210	652.530	3.794	4.616
zwaaide	652.530	652.960	5.334	5.910
en	653.440	653.550	1.787	1.403
de	653.550	653.580	2.165	1.374
oude	653.670	654.020	3.986	2.633
man	654.020	654.260	3.901	1.628
in	654.550	654.660	1.962	1.217
de	654.660	654.710	2.165	0.428
opening	654.770	655.230	4.690	3.964
verscheen	655.340	655.680	3.606	3.617
het	656.950	657.030	2.480	1.667
jongetje	657.080	657.450	5.182	4.397
zweeg	657.510	657.730	5.670	6.073
mooie	659.970	660.340	4.796	5.044
machine	660.340	660.990	4.503	4.707
zei	661.790	661.960	3.844	4.251
de	661.960	662.070	2.165	1.453
man	662.070	662.290	3.901	2.219
terwijl	663.140	663.360	3.204	3.175
hij	663.360	663.480	3.263	0.859
tussen	663.480	663.700	3.063	2.878
duim	663.700	664.000	5.361	4.833
en	664.000	664.090	1.787	0.033
wijsvinger	664.090	664.620	5.922	0.080
een	664.620	664.720	2.213	2.250
trage	664.770	665.130	5.291	4.416
draaide	665.740	666.150	4.340	4.638
een	667.360	667.485	2.213	1.865
heel	667.485	668.030	3.935	3.286
erg	668.030	668.340	3.846	2.072
mooie	668.340	668.700	4.796	3.839
machine	668.700	669.250	4.503	4.786
zelfs	669.250	669.670	3.611	3.125
hij	670.480	670.530	3.263	3.328
streelde	670.620	670.970	6.242	6.935
over	670.970	671.200	2.856	2.990
de	671.200	671.290	2.165	0.936
rug	671.290	671.410	4.780	2.969
van	671.410	671.600	2.061	0.640
het	671.600	671.710	2.480	0.822
apparaat	671.710	672.170	4.848	3.661
als	672.540	672.690	2.491	2.424
was	672.690	672.840	2.312	3.016
het	672.840	672.960	2.480	0.549
een	672.960	673.060	2.213	0.460
groot	673.120	673.510	4.016	2.029
slapend	673.840	674.460	5.470	6.835
dier	674.520	674.720	4.497	4.765
en	675.720	675.990	1.787	1.394
werkt	676.910	677.130	3.677	3.637
ze	677.180	677.230	3.359	1.341
ook	677.230	677.440	2.651	1.263
echt	677.440	677.650	4.256	3.226
heb	677.720	677.860	4.504	5.078
je	677.920	677.990	4.100	0.800
er	677.990	678.070	3.175	1.738
al	678.070	678.200	3.106	2.522
iemand	678.200	678.410	4.252	3.165
mee	678.410	678.580	3.311	2.874
gevonden	678.580	679.040	3.606	4.154
jezelf	679.040	679.710	5.373	6.349
bijvoorbeeld	680.080	680.700	3.400	3.687
het	682.410	682.540	2.480	1.616
jongetje	682.540	682.980	5.182	4.234
kneep	683.050	683.350	5.873	6.276
zijn	683.350	683.540	2.381	1.681
ogen	683.620	683.930	4.518	3.534
tot	684.010	684.110	2.703	2.356
twee	684.190	684.440	3.289	2.857
boze	684.440	684.860	5.218	6.139
speeltjes	684.860	685.480	5.873	6.073
en	685.480	685.580	1.787	1.056
gaf	685.580	685.780	3.360	3.005
een	685.780	685.840	2.213	1.407
flinke	685.840	686.280	5.164	3.221
ruk	686.280	686.490	5.855	6.264
aan	686.490	686.630	2.485	1.134
een	686.630	686.740	2.213	1.905
hendel	686.740	687.070	5.829	3.879
onderaan	687.120	687.560	4.503	4.984
de	687.560	687.620	2.165	0.731
machine	687.620	688.020	4.503	4.050
het	688.430	688.540	2.480	1.930
gevaarte	688.540	689.090	5.988	4.584
hoestte	689.090	689.470	6.264	6.476
zich	689.470	689.610	2.907	3.054
wakker	689.680	689.900	4.609	5.094
dan	690.550	690.760	3.101	3.902
drukte	690.760	691.000	4.651	5.347
hij	691.000	691.090	3.263	1.165
op	691.090	691.220	2.308	2.063
een	691.220	691.330	2.213	1.506
grote	691.330	691.805	3.649	2.401
gele	691.805	692.130	4.513	3.313
knop	692.220	692.500	5.272	4.007
terwijl	692.820	693.010	3.204	3.506
hij	693.010	693.060	3.263	1.164
met	693.060	693.240	2.302	1.565
de	693.240	693.280	2.165	0.779
linker	693.280	693.530	5.150	4.174
voet	693.530	693.810	4.506	3.316
uit	693.810	693.960	2.480	2.229
alle	693.960	694.210	3.574	3.017
macht	694.210	694.400	4.416	1.457
een	694.460	694.550	2.213	1.007
pedaal	694.600	694.990	5.456	4.820
ingedrukt	694.990	695.380	5.347	3.513
hield	695.490	695.630	3.629	4.144
midden	696.280	696.560	4.106	4.764
op	696.560	696.720	2.308	1.165
de	696.720	696.750	2.165	0.343
buik	696.750	697.060	4.986	2.626
van	697.060	697.230	2.061	1.377
de	697.230	697.270	2.165	0.335
machine	697.270	697.710	4.503	3.916
kroop	697.760	698.030	5.220	6.324
een	698.030	698.100	2.213	1.904
grote	698.100	698.500	3.649	2.439
wijzer	698.500	698.880	5.550	5.907
langzaam	699.190	699.600	4.143	4.430
maar	699.600	699.720	2.559	1.262
zeker	699.780	700.055	4.036	0.124
omhoog	700.055	700.350	4.201	5.514
en	700.700	700.790	1.787	1.153
precies	700.790	701.090	4.161	4.619
op	701.090	701.210	2.308	1.335
het	701.210	701.310	2.480	0.705
moment	701.310	701.600	4.737	0.608
dat	701.600	701.750	2.527	0.044
die	701.750	701.880	2.209	2.052
helemaal	701.880	702.290	4.049	3.042
bovenaan	702.290	702.730	4.457	2.913
stond	702.730	703.020	3.283	2.233
duwde	703.340	703.670	5.265	6.391
het	703.670	703.730	2.480	1.493
jongetje	703.730	704.100	5.182	4.075
met	704.290	704.480	2.302	1.396
zijn	704.480	704.640	2.381	1.358
wipneus	704.640	705.130	6.026	7.386
een	705.460	705.580	2.213	2.633
rode	705.580	705.900	4.140	3.308
knop	705.970	706.240	5.272	2.748
in	706.240	706.320	1.962	1.577
de	707.250	707.330	2.165	0.893
reusachtige	707.330	707.840	5.313	5.025
machine	707.840	708.320	4.503	4.626
brulde	708.570	708.990	6.164	6.571
steeds	708.990	709.620	3.536	3.641
luider	709.620	710.020	5.582	2.767
en	710.020	710.210	1.787	1.019
luider	710.210	710.510	5.582	0.592
alles	710.780	711.110	4.017	4.430
kreunde	711.190	711.580	6.264	6.855
en	711.580	711.780	1.787	0.987
en	712.310	712.400	1.787	2.633
uit	712.400	712.560	2.480	3.065
verschillende	712.560	713.110	3.698	2.241
kieren	713.190	713.510	5.922	6.766
slierten	714.255	714.840	5.943	6.156
witte	714.840	715.110	4.142	4.236
rook	715.110	715.230	4.984	2.791
het	715.350	715.390	2.480	2.116
jongetje	716.720	717.120	5.182	4.104
zette	717.120	717.340	3.725	4.128
voorzichtig	717.340	717.870	4.844	5.385
een	718.050	718.090	2.213	1.573
stap	718.200	718.410	4.779	3.647
achteruit	718.550	718.970	4.713	1.900
hij	719.680	719.770	3.263	2.617
liep	719.770	719.880	3.668	3.482
pardoes	719.880	720.270	5.753	6.710
tegen	720.270	720.450	3.146	3.362
de	720.450	720.480	2.165	1.033
man	720.480	720.750	3.901	3.206
aan	720.750	720.960	2.485	2.034
en	721.490	721.610	1.787	1.540
bleef	721.610	721.820	3.225	2.552
zo	721.820	722.000	3.358	2.027
staan	722.100	722.290	3.458	3.845
wachtend	722.830	723.230	5.347	6.303
op	723.640	723.800	2.308	0.154
wat	723.800	723.920	3.028	3.284
ging	723.980	724.150	3.110	4.115
komen	724.240	724.430	3.313	3.473
maar	726.110	726.260	2.559	2.333
er	726.260	726.320	3.175	1.731
kwam	726.450	726.710	2.979	1.907
niks	726.710	727.040	4.827	5.216
minuten	728.320	728.720	5.062	5.772
lang	728.720	728.980	4.030	2.261
keek	729.060	729.260	4.709	5.375
de	729.340	729.420	2.165	1.325
jongen	729.420	729.750	4.555	3.754
hoopvol	729.750	730.180	5.637	6.466
naar	730.180	730.350	2.633	2.032
zijn	730.350	730.600	2.381	2.234
bouwsel	730.600	731.050	5.688	7.013
maar	731.310	731.450	2.559	2.833
buiten	731.450	731.700	3.623	3.338
wat	731.700	731.850	3.028	3.452
kermen	731.910	732.220	6.201	6.975
en	732.220	732.310	1.787	0.984
kreunen	732.390	732.780	5.988	6.183
en	732.780	732.880	1.787	0.964
een	732.880	732.930	2.213	1.789
flinke	732.930	733.270	5.164	3.446
knal	733.270	733.590	5.726	6.169
zo	733.590	733.700	3.358	3.596
nu	733.700	733.850	3.374	2.330
en	733.850	733.990	1.787	0.017
dan	733.990	734.140	3.101	0.004
gebeurde	734.460	734.880	4.118	5.238
er	734.880	735.040	3.175	1.638
niets	735.040	735.350	4.033	0.812
het	735.350	735.380	2.480	2.976
jongetje	735.930	736.350	5.182	4.106
durfde	736.560	736.880	4.900	5.303
niet	736.880	737.050	2.792	1.581
omkijken	737.050	737.560	6.067	5.094
naar	737.560	737.790	2.633	0.665
de	737.790	737.820	2.165	1.094
man	737.820	738.070	3.901	3.353
hij	739.000	739.075	3.263	3.253
staarde	739.075	739.450	6.053	6.829
wezenloos	739.450	740.100	6.242	6.385
naar	740.400	740.530	2.633	2.698
het	740.530	740.630	2.480	1.241
gigantische	740.630	741.260	5.258	5.088
gedrocht	741.260	741.610	6.129	6.325
dat	741.610	741.760	2.527	2.684
als	741.760	741.940	2.491	2.194
een	741.940	742.030	2.213	1.030
ziek	742.090	742.320	4.497	5.207
beest	742.420	742.740	5.326	6.345
voor	742.800	743.020	2.409	2.416
hem	743.020	743.200	3.321	2.407
stond	743.200	743.450	3.283	2.662
te	743.450	743.570	2.374	2.548
en	744.290	744.420	1.787	3.431
te	744.420	744.540	2.374	2.856
trillen	744.670	744.950	5.326	4.740
en	745.340	745.560	1.787	0.629
beet	745.560	745.730	5.051	5.248
op	745.820	745.940	2.308	2.111
zijn	745.940	746.230	2.381	0.704
lip	746.230	746.330	5.276	5.849
toen	748.020	748.310	3.243	3.661
voelde	748.310	748.620	4.271	4.295
hij	748.620	748.780	3.263	1.156
de	748.780	748.840	2.165	1.408
hand	748.840	749.160	4.402	3.197
van	749.770	749.930	2.061	0.419
de	749.930	750.070	2.165	0.674
man	750.070	750.370	3.901	2.630
zachtjes	750.520	750.970	5.379	6.889
in	750.970	751.070	1.962	1.319
zijn	751.070	751.210	2.381	2.090
schouder	751.260	751.630	5.300	3.096
knijpen	751.730	751.940	5.846	6.604
gefeliciteerd	753.830	754.760	5.746	5.897
zei	755.980	756.130	3.844	4.260
de	756.130	756.240	2.165	1.453
man	756.240	756.450	3.901	2.219
gefeliciteerd	757.640	758.820	5.746	6.778
riep	759.130	759.310	4.142	4.558
de	759.310	759.340	2.165	0.940
jongen	759.340	759.570	4.555	3.915
kwaad	759.570	759.900	4.772	5.601
uit	759.900	760.200	2.480	2.158
de	760.440	760.480	2.165	0.572
tranen	760.530	760.850	5.230	4.175
sprongen	760.850	761.400	4.864	6.028
uit	761.400	761.580	2.480	1.608
zijn	761.580	761.740	2.381	2.237
ogen	761.740	762.040	4.518	2.471
hij	762.250	762.340	3.263	2.956
draaide	762.340	762.630	4.340	4.160
zich	762.630	762.800	2.907	1.830
in	762.800	762.890	1.962	1.614
een	762.890	762.940	2.213	1.240
ruk	762.940	763.220	5.855	4.426
om	763.220	763.460	2.698	3.354
om	763.830	763.970	2.698	3.042
die	763.970	764.100	2.209	2.713
akelige	764.160	764.580	6.039	7.516
opa	764.580	764.910	5.072	5.112
eens	764.910	765.120	4.313	4.583
goed	765.120	765.460	3.625	2.280
de	765.520	765.640	2.165	1.207
huid	765.640	765.830	4.733	4.118
vol	765.830	766.060	4.056	1.975
te	766.060	766.130	2.374	1.217
schelden	766.130	766.540	5.732	0.396
de	767.450	767.710	2.165	2.382
man	767.710	767.950	3.901	3.292
was	768.690	768.885	2.312	1.900
verdwenen	768.885	769.420	3.986	3.682
in	770.770	770.950	1.962	1.495
zijn	770.950	771.130	2.381	2.108
plaats	771.130	771.610	3.326	2.383
stond	771.850	772.070	3.283	3.863
een	772.070	772.170	2.213	1.574
hele	772.170	772.490	4.817	3.184
menigte	772.490	773.040	5.249	2.870
met	773.040	773.210	2.302	1.930
open	773.210	773.550	3.794	3.299
mond	773.550	773.825	4.986	1.570
vol	773.825	774.110	4.056	2.568
bewondering	774.110	774.570	5.162	2.464
naar	774.570	774.770	2.633	1.364
de	774.770	774.840	2.165	0.304
machine	774.840	775.290	4.503	4.041
te	775.290	775.410	2.374	1.670
gapen	775.410	775.800	5.846	5.325
het	776.340	776.440	2.480	2.825
jongetje	776.440	776.890	5.182	4.075
stond	776.890	777.190	3.283	3.686
aan	777.190	777.340	2.485	1.765
de	777.340	777.380	2.165	0.241
grond	777.380	777.770	4.379	3.214
genageld	777.770	778.330	5.864	2.181
hij	778.330	778.460	3.263	3.622
begreep	778.460	778.960	4.833	4.041
er	778.960	779.080	3.175	2.354
niets	779.080	779.360	4.033	0.280
van	779.360	779.600	2.061	0.118
een	780.830	780.870	2.213	1.938
slungelige	780.870	781.350	6.338	6.167
man	781.350	781.530	3.901	3.974
met	781.530	781.700	2.302	1.676
een	781.700	781.780	2.213	0.652
camera	781.850	782.210	4.754	3.567
en	782.210	782.290	1.787	0.765
een	782.290	782.330	2.213	0.530
notitieboekje	782.330	783.050	5.988	5.135
zwom	783.290	783.510	4.829	5.161
zich	783.510	783.680	2.907	2.826
door	783.680	783.840	2.656	2.114
de	783.840	783.920	2.165	0.833
naar	784.400	784.585	2.633	3.531
voor	784.585	784.790	2.409	3.072
bent	786.000	786.230	4.798	5.657
de	786.350	786.400	2.165	1.907
uitvinder	786.400	786.870	4.952	4.174
van	786.870	787.020	2.061	0.333
deze	787.020	787.260	3.287	1.685
hij	788.610	788.860	3.263	4.402
het	790.150	790.190	2.480	2.069
jongetje	790.240	790.670	5.182	3.823
gaf	791.230	791.440	3.360	3.763
hem	791.440	791.550	3.321	1.664
een	791.550	791.670	2.213	0.897
blik	792.210	792.470	4.799	3.344
terug	794.420	794.550	3.220	4.151
maar	798.050	798.180	2.559	1.897
terwijl	798.270	798.560	3.204	3.961
hij	798.560	798.710	3.263	0.819
het	798.710	798.770	2.480	1.643
woord	798.770	799.030	4.351	2.192
probeerde	799.080	799.490	3.781	4.094
te	799.490	799.550	2.374	1.007
herhalen	799.550	800.050	5.099	3.898
zag	800.110	800.310	3.637	4.702
hij	800.360	800.500	3.263	1.186
door	800.500	800.650	2.656	2.376
het	800.650	800.720	2.480	1.457
raam	800.780	801.090	4.971	1.954
van	801.090	801.260	2.061	0.898
de	801.260	801.325	2.165	0.413
schuur	801.325	801.730	5.164	4.401
dat	802.170	802.300	2.527	3.128
de	802.300	802.340	2.165	1.453
hemel	802.340	802.755	4.948	3.569
zich	802.755	802.930	2.907	2.956
vulde	802.930	803.420	4.870	5.151
met	803.750	803.940	2.302	0.354
de	803.940	804.170	2.165	1.360
mooiste	804.170	804.700	5.504	3.951
wolken	804.700	805.180	5.015	5.324
die	805.180	805.300	2.209	1.333
hij	805.300	805.410	3.263	1.906
ooit	805.730	806.010	3.768	2.312
had	806.010	806.190	2.766	0.649
gezien	806.270	806.540	3.609	0.733
herhaalde	810.210	810.610	4.737	6.932
hij	810.610	810.720	3.263	1.214
als	810.720	810.850	2.491	2.748
lag	810.910	811.080	3.520	4.496
hij	811.080	811.230	3.263	2.048
languit	811.230	811.680	5.976	7.033
in	811.680	811.750	1.962	1.469
een	811.750	811.890	2.213	1.636
droom	811.890	812.190	4.943	3.167
uit	812.870	812.990	2.480	2.289
de	812.990	813.050	2.165	1.128
blinkende	813.050	813.520	5.976	6.371
pijp	813.570	813.860	5.245	5.352
door	813.860	813.960	2.656	2.441
het	813.960	814.060	2.480	0.520
dak	814.060	814.250	4.707	3.074
werden	814.540	814.790	2.759	2.816
de	814.790	814.830	2.165	1.097
meest	814.830	815.130	4.335	2.792
sprookjesachtige	815.130	816.050	5.676	6.673
taferelen	816.050	816.620	4.855	1.945
de	816.620	816.730	2.165	2.482
lucht	816.730	816.850	4.495	3.745
ingeademd	816.930	817.540	5.713	4.118
tientallen	818.000	818.520	4.528	4.800
uit	819.660	819.880	2.480	2.716
de	819.880	819.940	2.165	1.007
mond	819.940	820.140	4.986	3.088
van	820.140	820.350	2.061	0.296
de	820.350	820.390	2.165	0.433
pijp	820.460	820.680	5.245	4.350
gevolgd	821.050	821.420	3.786	4.585
door	821.420	821.600	2.656	0.238
een	821.600	821.710	2.213	0.712
heuse	821.710	822.000	5.892	4.693
prinses	822.000	822.530	4.434	4.525
en	822.790	822.920	1.787	1.647
daarna	822.920	823.250	3.730	2.870
wel	823.250	823.380	3.358	3.151
hele	823.820	824.300	4.817	4.976
dikke	824.300	824.610	4.731	3.453
witte	824.610	824.850	4.142	2.902
paarden	824.960	825.350	4.573	2.683
herhaalde	828.710	829.150	4.737	5.332
hij	829.150	829.270	3.263	1.214
nog	829.270	829.410	2.995	2.877
een	829.410	829.540	2.213	1.223
derde	829.540	829.780	3.974	1.956
keer	829.780	830.070	4.672	1.441
maar	830.070	830.240	2.559	2.726
nu	830.500	830.730	3.374	1.764
luid	830.730	830.990	5.107	5.226
en	830.990	831.140	1.787	0.939
duidelijk	831.140	831.570	3.878	0.515
hij	832.180	832.260	3.263	3.320
veegde	832.260	832.610	5.621	5.403
de	832.610	832.680	2.165	0.710
tranen	832.760	833.170	5.230	4.811
van	833.480	833.610	2.061	0.450
zijn	833.610	833.770	2.381	1.364
wangen	833.770	834.030	5.305	5.509
ja	835.500	835.850	4.568	5.013
die	835.850	836.030	2.209	2.068
heb	836.030	836.170	4.504	5.041
ik	836.220	836.360	3.939	0.515
fantastisch	837.060	837.650	5.481	6.517
schreeuwde	837.650	837.980	5.435	5.628
de	837.980	838.050	2.165	1.629
magere	838.050	838.410	5.347	4.809
man	838.410	838.620	3.901	2.137
terug	838.670	838.870	3.220	3.165
hierbij	838.950	839.230	4.095	5.680
wat	839.230	839.410	3.028	2.843
speeksel	839.410	839.960	5.504	5.037
verliezend	839.960	840.400	5.272	5.573
heeft	840.710	840.890	2.595	3.231
misschien	840.950	841.230	4.237	3.836
toevallig	841.230	841.550	4.753	5.417
even	841.550	841.770	3.939	4.339
tijd	841.890	842.090	4.099	3.046
voor	842.090	842.210	2.409	0.604
een	842.210	842.330	2.213	1.226
kort	842.390	842.550	3.912	3.102
interview	842.680	843.210	5.063	2.602
de	843.530	843.560	2.165	2.247
krant	843.560	843.900	4.645	3.741
wil	843.900	844.060	3.494	3.210
namelijk	844.060	844.430	3.583	2.689
een	844.670	844.780	2.213	1.226
mooi	844.780	844.970	4.694	3.850
stukje	844.970	845.340	4.803	2.269
schrijven	845.340	845.770	4.357	4.655
over	845.770	846.130	2.856	1.611
deze	846.130	846.380	3.287	1.898
fantastische	846.430	847.120	5.298	5.028
uitvinding	847.120	847.560	5.087	5.325
en	847.560	847.750	1.787	1.436
over	847.750	847.950	2.856	3.057
zijn	847.950	848.150	2.381	1.521
uitvinder	848.150	848.610	4.952	5.618
natuurlijk	848.610	849.030	4.440	4.879
hoe	849.600	849.740	3.841	3.162
heet	849.740	849.950	3.674	3.057
eigenlijk	850.060	850.410	3.967	3.042
de	851.500	851.530	2.165	1.262
reporter	851.530	851.900	5.283	5.378
was	851.900	852.040	2.312	1.995
zo	852.040	852.220	3.358	2.606
zenuwachtig	852.220	852.810	5.572	4.496
dat	852.810	852.980	2.527	0.385
hij	852.980	853.060	3.263	0.385
bijna	853.140	853.480	3.673	2.768
de	853.480	853.560	2.165	1.075
punt	853.650	853.900	4.442	3.945
van	853.900	854.040	2.061	0.737
zijn	854.040	854.280	2.381	1.260
potlood	854.540	854.910	5.493	6.036
brak	855.020	855.220	3.979	4.290
buiten	856.370	856.820	3.623	4.295
gleden	857.340	857.550	5.932	6.604
ondertussen	857.550	858.130	4.403	4.569
een	858.130	858.270	2.213	1.456
dozijn	858.270	858.650	5.922	4.326
wolken	858.650	859.020	5.015	5.243
draken	859.020	859.450	5.124	5.455
voorbij	859.450	859.940	4.132	4.447
afgewisseld	860.290	860.890	4.617	5.226
met	860.890	861.100	2.302	0.189
gigantische	861.100	861.720	5.258	4.569
taarten	861.820	862.240	5.676	5.791
en	862.490	862.580	1.787	0.914
af	862.580	862.730	3.201	3.648
en	862.730	862.830	1.787	0.207
toe	862.830	862.980	3.367	0.007
een	862.980	863.060	2.213	0.771
schaap	863.060	863.610	5.028	4.527
of	864.090	864.260	2.413	1.504
een	864.260	864.375	2.213	0.681
olifant	864.375	864.920	5.238	3.528
noem	865.510	865.670	5.601	6.231
me	865.970	866.030	4.261	1.516
maar	866.650	867.390	2.559	0.674
milan	869.420	870.010	4.962	6.137
zei	870.500	870.670	3.844	4.106
het	870.720	870.750	2.480	1.774
jongetje	870.750	871.050	5.182	4.257
milan	871.600	871.980	4.962	5.365
dat	873.870	874.040	2.527	1.961
staat	874.040	874.400	3.090	3.295
genoteerd	874.400	874.850	4.576	3.890
alvast	875.570	876.160	4.902	6.254
een	876.210	876.400	2.213	0.920
meneer	876.750	877.030	4.789	5.044
euh	877.230	877.470	6.366	6.766
milan	877.470	877.940	4.962	4.981
was	878.260	878.500	2.312	2.081
niet	878.750	878.920	2.792	2.130
dat	878.920	879.100	2.527	2.897
jongetje	879.100	879.540	5.182	5.728
dat	879.540	879.760	2.527	1.187
de	879.760	879.810	2.165	1.332
hele	879.810	880.080	4.817	2.702
wereld	880.080	880.380	4.319	1.009
heeft	880.430	880.610	2.595	2.480
plat	880.850	881.040	4.632	5.789
gereisd	881.110	881.570	5.072	5.525
op	881.570	881.640	2.308	2.030
zoek	881.690	881.910	5.075	0.415
naar	882.000	882.220	2.633	0.065
zichzelf	882.220	882.730	3.949	2.637
milan	884.080	884.410	4.962	5.997
glimlachte	884.410	884.980	6.013	6.275
en	885.520	885.610	1.787	1.125
dan	886.020	886.245	3.101	2.847
zijn	886.245	886.390	2.381	1.958
onderlip	886.390	886.800	5.873	6.227
even	887.880	888.190	3.939	4.116
deed	888.190	888.370	3.447	3.370
hij	888.370	888.460	3.263	1.188
alsof	888.460	888.800	4.395	2.370
hij	888.800	888.930	3.263	0.078
over	888.930	889.070	2.856	2.901
de	889.070	889.170	2.165	0.758
vraag	889.170	889.540	4.643	2.501
nadacht	889.600	889.920	5.954	8.202
maar	890.630	890.750	2.559	2.848
schudde	890.810	891.110	5.529	6.625
dan	891.110	891.360	3.101	3.380
beslist	891.750	892.110	4.419	4.021
zijn	892.230	892.380	2.381	2.322
hoofd	892.380	892.620	4.138	3.396
nee	894.280	894.630	5.033	5.792
zei	895.400	895.540	3.844	2.292
milan	895.540	895.930	4.962	5.568
dat	896.950	897.340	2.527	1.961
was	898.430	898.750	2.312	2.490
ik	898.820	898.960	3.939	3.411
niet	899.630	899.960	2.792	1.543
dat	901.030	901.560	2.527	1.994
was	903.470	903.560	2.312	2.477
vast	904.160	904.260	3.786	4.618
gewoon	904.460	909.900	4.172	4.254
een	909.900	909.950	2.213	1.433
ander	909.950	910.100	4.845	2.456
jongetje	910.100	910.300	5.182	3.787
de	910.300	910.350	2.165	2.020
radio	910.350	910.670	4.142	3.994
boeken	910.670	910.890	4.163	4.908
van	910.890	911.040	2.061	1.482
het	911.040	911.140	2.480	1.312
vlaams	911.140	911.550	4.625	3.207
nederlands	911.550	911.970	3.739	4.207
huis	911.970	912.230	4.040	3.430
de	912.230	912.330	2.165	2.056
buren	912.330	912.590	4.863	4.512
in	912.590	912.790	1.962	1.527
een	913.200	913.720	2.213	1.215
samenwerking	913.800	914.470	4.476	3.279
met	914.470	914.640	2.302	0.337
cultuurzender	914.640	915.290	6.264	7.473
klara	915.290	915.770	5.384	1.327
radio	916.290	916.590	4.142	2.536
nederland	916.590	917.060	3.878	2.704
wereld	917.060	917.390	4.319	5.476
omroep	917.390	917.940	4.807	5.225
vpro	917.940	918.660	5.323	2.687
radio	918.660	920.200	4.142	2.361
voor	920.200	920.360	2.409	2.441
meer	920.360	920.560	3.217	2.828
informatie	920.560	921.210	4.168	1.352
en	921.210	921.300	1.787	1.497
podcasting	921.300	923.050	6.264	7.639
www	923.130	923.320	6.026	6.141
eu	928.545	928.610	5.072	5.161
